DATE	ocean_colour	BGC_Argo_chl_0m_to_300m	BGC_Argo_no3_0m_to_300m	BGC_Argo_po4_0m_to_300m	BGC_Argo_POC_0m_to_300m	BGC_Argo_POC_300m_to_1000m	BGC_Argo_o2_0m_to_300m	BGC_Argo_o2_300m_to_1000m	BGC_Argo_DIC_0m_to_300m	BGC_Argo_DIC_300m_to_1000m	BGC_Argo_pH_0m_to_300m	BGC_Argo_pH_300m_to_1000m
2019-01-01 12:00:00	0.061183345	0.023325961	1.8072579	0.06864394	0.028507724	0.0007817518	214.93892	178.87103	2153.4795	2219.3535	8.093306	7.976856
2019-01-02 12:00:00	0.060671583	0.023217285	1.8076875	0.06865666	0.028412325	0.00077761	214.95345	178.87155	2153.4988	2219.3535	8.093357	7.9768553
2019-01-03 12:00:00	0.060876198	0.02323475	1.8083016	0.068667166	0.028451746	0.0007694125	214.98094	178.8725	2153.5317	2219.3533	8.093343	7.976854
2019-01-04 12:00:00	0.061317854	0.023246875	1.8089141	0.06867783	0.02848721	0.00076125684	215.00351	178.8735	2153.54	2219.353	8.093297	7.976852
2019-01-05 12:00:00	0.061488446	0.023243394	1.8095442	0.06868943	0.028507646	0.00075314165	215.02643	178.8745	2153.5752	2219.3525	8.093229	7.9768496
2019-01-06 12:00:00	0.06189285	0.023236588	1.8101755	0.06870115	0.028524525	0.00074506574	215.0457	178.87547	2153.598	2219.352	8.093143	7.9768476
2019-01-07 12:00:00	0.062236983	0.023233078	1.8107989	0.06871259	0.02854453	0.000737028	215.06203	178.87646	2153.626	2219.3518	8.093024	7.9768453
2019-01-08 12:00:00	0.06189195	0.023231005	1.8114322	0.06872399	0.028565934	0.0007290281	215.08598	178.87747	2153.6907	2219.351	8.093085	7.9768386
2019-01-09 12:00:00	0.060985778	0.023294488	1.8120077	0.06873123	0.028653756	0.000721065	215.12099	178.8785	2153.8015	2219.3508	8.0933485	7.9768333
2019-01-10 12:00:00	0.060733233	0.023408623	1.8125188	0.06873495	0.02879874	0.00071313867	215.15608	178.87946	2153.8662	2219.3506	8.093539	7.9768305
2019-01-11 12:00:00	0.060956217	0.023619749	1.8129208	0.06873221	0.029041346	0.0007052495	215.18983	178.8805	2153.9368	2219.35	8.093589	7.9768305
2019-01-12 12:00:00	0.060944743	0.023931393	1.8132209	0.06872284	0.029387806	0.00069739774	215.22934	178.8815	2154.021	2219.3499	8.093757	7.976821
2019-01-13 12:00:00	0.06134105	0.02428556	1.8134688	0.068710305	0.029785136	0.00068958395	215.27142	178.88249	2154.0735	2219.3494	8.093936	7.9768124
2019-01-14 12:00:00	0.061988927	0.024692362	1.8136514	0.06869392	0.030241292	0.00068180915	215.31377	178.88353	2154.114	2219.3489	8.094066	7.9768066
2019-01-15 12:00:00	0.06254702	0.02510218	1.8138218	0.06867685	0.030707326	0.00067407516	215.35675	178.88454	2154.1584	2219.3489	8.094182	7.976802
2019-01-16 12:00:00	0.063762456	0.02565219	1.8138324	0.068650365	0.0313174	0.0006663841	215.39757	178.88557	2154.185	2219.3484	8.094246	7.9767976
2019-01-17 12:00:00	0.06536449	0.026368322	1.8136736	0.06861288	0.032100387	0.0006587385	215.44281	178.88658	2154.223	2219.3477	8.094336	7.9767885
2019-01-18 12:00:00	0.067099154	0.027157187	1.8134277	0.068570025	0.032966953	0.00065114145	215.48805	178.8876	2154.2527	2219.3474	8.094413	7.9767804
2019-01-19 12:00:00	0.06860117	0.02794757	1.8131667	0.0685263	0.033847418	0.0006435962	215.53436	178.88863	2154.2837	2219.347	8.094486	7.9767747
2019-01-20 12:00:00	0.070310116	0.028786024	1.8128443	0.068478785	0.03478645	0.0006361065	215.57973	178.88966	2154.3167	2219.3464	8.094548	7.976768
2019-01-21 12:00:00	0.07305239	0.029605534	1.8125225	0.06843159	0.035719045	0.0006286753	215.61491	178.89067	2154.3398	2219.3457	8.094552	7.976763
2019-01-22 12:00:00	0.0739032	0.030264793	1.8123415	0.06839373	0.0365029	0.0006213056	215.65527	178.89171	2154.3665	2219.3457	8.094552	7.9767594
2019-01-23 12:00:00	0.07413465	0.03100706	1.8120798	0.0683503	0.037375078	0.0006139986	215.70396	178.89276	2154.4324	2219.345	8.0947695	7.9767504
2019-01-24 12:00:00	0.07319749	0.031912897	1.8116629	0.068296194	0.038414817	0.0006067538	215.77007	178.89378	2154.5645	2219.345	8.095148	7.9767437
2019-01-25 12:00:00	0.07438961	0.03304281	1.8109944	0.06822695	0.039681487	0.0005995725	215.83867	178.89485	2154.6287	2219.3445	8.095378	7.9767394
2019-01-26 12:00:00	0.07746725	0.034403037	1.8100731	0.06814212	0.04118622	0.00059245544	215.90869	178.89587	2154.693	2219.3438	8.09547	7.9767365
2019-01-27 12:00:00	0.08428037	0.035838954	1.8090322	0.06805093	0.042782616	0.0005854034	215.968	178.89691	2154.6936	2219.3435	8.095425	7.976736
2019-01-28 12:00:00	0.092446014	0.0371843	1.8080109	0.06796344	0.044308677	0.0005784163	216.00775	178.898	2154.5376	2219.3428	8.095436	7.976732
2019-01-29 12:00:00	0.101514265	0.038523536	1.8069903	0.06787551	0.045847397	0.00057149376	216.04768	178.89902	2154.4219	2219.3425	8.095432	7.9767303
2019-01-30 12:00:00	0.10925838	0.039823525	1.8060373	0.06778986	0.04736488	0.0005646353	216.09396	178.9001	2154.4563	2219.342	8.095299	7.976729
2019-01-31 12:00:00	0.11661127	0.041047093	1.8050805	0.06770709	0.048819732	0.00055784005	216.12335	178.90114	2154.2644	2219.3413	8.095336	7.976726
2019-02-01 12:00:00	0.12355818	0.042133886	1.8043045	0.06763313	0.050151054	0.0005511071	216.15659	178.90219	2154.2344	2219.3413	8.095342	7.9767227
2019-02-02 12:00:00	0.12727578	0.043161646	1.8036033	0.067562714	0.051430833	0.00054443564	216.19806	178.90324	2154.278	2219.3408	8.095442	7.976719
2019-02-03 12:00:00	0.12214878	0.044175442	1.8029082	0.06749268	0.05270578	0.00053782505	216.24619	178.90433	2154.3215	2219.34	8.095575	7.9767184
2019-02-04 12:00:00	0.10928998	0.0454399	1.8019507	0.067406416	0.054238148	0.0005312753	216.29848	178.90538	2154.3467	2219.3398	8.095672	7.9767184
2019-02-05 12:00:00	0.10707834	0.046869237	1.8008096	0.06730893	0.055941686	0.0005247872	216.35153	178.90643	2154.3687	2219.3394	8.095742	7.97672
2019-02-06 12:00:00	0.10904678	0.04835315	1.7995584	0.067206554	0.05770811	0.0005183619	216.39665	178.90752	2154.2917	2219.3386	8.095777	7.976722
2019-02-07 12:00:00	0.117175415	0.05017991	1.7979759	0.06708207	0.059833277	0.00051200215	216.44617	178.90857	2154.296	2219.3386	8.0957	7.976722
2019-02-08 12:00:00	0.12433515	0.051735558	1.796649	0.06697354	0.061709806	0.0005057111	216.49132	178.90965	2154.3115	2219.338	8.095621	7.9767203
2019-02-09 12:00:00	0.1303762	0.05304515	1.7955574	0.066879705	0.06335484	0.0004994934	216.52745	178.91074	2154.3237	2219.3376	8.095556	7.97672
2019-02-10 12:00:00	0.13504443	0.054020304	1.794796	0.066806436	0.06467511	0.00049335393	216.55717	178.91182	2154.3337	2219.337	8.09553	7.9767203
2019-02-11 12:00:00	0.13016754	0.054688655	1.7943532	0.066752635	0.0656905	0.00048729847	216.59448	178.91289	2154.3901	2219.3364	8.095621	7.9767203
2019-02-12 12:00:00	0.12292153	0.055776786	1.7934976	0.06667271	0.06711714	0.00048133265	216.64705	178.91397	2154.4475	2219.3362	8.095805	7.9767227
2019-02-13 12:00:00	0.12674727	0.057558	1.7919291	0.06654856	0.06923565	0.0004754621	216.69974	178.91504	2154.4763	2219.3357	8.095861	7.9767275
2019-02-14 12:00:00	0.13369706	0.059412688	1.7902578	0.06641845	0.07144545	0.00046969147	216.74466	178.91615	2154.4946	2219.3354	8.095826	7.9767303
2019-02-15 12:00:00	0.1400247	0.060765415	1.7890595	0.066318646	0.07317438	0.00046402522	216.78697	178.91722	2154.5012	2219.3347	8.095763	7.9767346
2019-02-16 12:00:00	0.14463529	0.061463185	1.788438	0.06625841	0.07425451	0.0004584682	216.8029	178.9183	2154.2832	2219.3342	8.095894	7.976739
2019-02-17 12:00:00	0.14879785	0.061963636	1.7880342	0.06621112	0.07513224	0.0004530262	216.8177	178.91939	2154.0771	2219.334	8.095927	7.9767437
2019-02-18 12:00:00	0.1522753	0.062368304	1.7878122	0.066171676	0.07590461	0.00044770824	216.841	178.92049	2154.082	2219.3335	8.095808	7.9767475
2019-02-19 12:00:00	0.1545735	0.06269966	1.7876841	0.06613763	0.07659075	0.00044252697	216.86029	178.92157	2154.1003	2219.333	8.095691	7.976749
2019-02-20 12:00:00	0.15569791	0.062770456	1.787834	0.06612082	0.07700371	0.00043750097	216.87558	178.92267	2154.1306	2219.3323	8.095604	7.976751
2019-02-21 12:00:00	0.15577085	0.062643796	1.7882133	0.06611764	0.077204265	0.00043265495	216.90051	178.92378	2154.2095	2219.332	8.0957155	7.9767523
2019-02-22 12:00:00	0.15263821	0.062429607	1.7886993	0.066121064	0.077301644	0.00042802002	216.93158	178.92488	2154.2715	2219.3315	8.095888	7.976757
2019-02-23 12:00:00	0.14600575	0.06259609	1.7888154	0.06610151	0.077761844	0.00042363282	216.96332	178.92596	2154.3186	2219.331	8.095869	7.9767656
2019-02-24 12:00:00	0.1446653	0.06296559	1.7887313	0.06606968	0.07841542	0.00041953297	216.99428	178.92708	2154.3484	2219.3303	8.095836	7.9767694
2019-02-25 12:00:00	0.1391676	0.06330676	1.7886872	0.06604019	0.07903116	0.00041576117	217.03049	178.92815	2154.3855	2219.3298	8.095916	7.976773
2019-02-26 12:00:00	0.14232633	0.06407423	1.7882069	0.06598392	0.080064565	0.00041235576	217.0656	178.92928	2154.4072	2219.3296	8.095845	7.9767804
2019-02-27 12:00:00	0.14170088	0.06507117	1.7875059	0.06591328	0.08132707	0.0004093502	217.1082	178.93036	2154.479	2219.3293	8.095889	7.9767814
2019-02-28 12:00:00	0.14132166	0.066504754	1.786354	0.0658145	0.0830306	0.0004067704	217.16121	178.93149	2154.54	2219.3289	8.096031	7.976784
2019-03-01 12:00:00	0.1440486	0.06802256	1.7850877	0.06570919	0.08482882	0.00040463335	217.21323	178.93257	2154.5752	2219.3281	8.096134	7.97679
2019-03-02 12:00:00	0.15058896	0.069579154	1.7837291	0.06559967	0.08667818	0.0004029467	217.25183	178.9337	2154.5322	2219.3276	8.096118	7.976796
2019-03-03 12:00:00	0.15899345	0.07100417	1.7824967	0.06549752	0.08841391	0.00040170932	217.27684	178.9348	2154.5054	2219.327	8.096056	7.976799
2019-03-04 12:00:00	0.16525646	0.07194198	1.7817508	0.06542543	0.08967458	0.0004009122	217.3031	178.93588	2154.5132	2219.3262	8.09596	7.976804
2019-03-05 12:00:00	0.16971548	0.07256682	1.7813231	0.06537293	0.0906224	0.00040054086	217.31464	178.93701	2154.5222	2219.3262	8.095859	7.9768095
2019-03-06 12:00:00	0.17218521	0.07289873	1.7811767	0.06533879	0.091269776	0.00040057726	217.32289	178.9381	2154.499	2219.3257	8.095692	7.976813
2019-03-07 12:00:00	0.17351864	0.07301139	1.7812709	0.06531915	0.09168634	0.00040100235	217.32562	178.93921	2154.5007	2219.3252	8.095502	7.9768195
2019-03-08 12:00:00	0.17368828	0.0727907	1.7817298	0.06532162	0.091756344	0.00040179814	217.33809	178.94032	2154.5437	2219.3247	8.095633	7.9768214
2019-03-09 12:00:00	0.17277418	0.07242898	1.7823683	0.06533426	0.09166958	0.00040294975	217.36545	178.9414	2154.628	2219.324	8.09585	7.9768243
2019-03-10 12:00:00	0.15915689	0.072577484	1.7825112	0.06531595	0.092071414	0.0004044467	217.3977	178.94254	2154.6755	2219.324	8.095973	7.9768286
2019-03-11 12:00:00	0.15740906	0.07393078	1.7814355	0.06522182	0.09367325	0.00040628432	217.43454	178.94363	2154.6956	2219.3232	8.095976	7.9768343
2019-03-12 12:00:00	0.16011599	0.07516455	1.7804538	0.06513409	0.095170856	0.00040846356	217.47108	178.94472	2154.718	2219.3228	8.095971	7.976839
2019-03-13 12:00:00	0.16161098	0.07592243	1.7799296	0.06507541	0.09620276	0.00041099146	217.49883	178.9458	2154.7317	2219.3225	8.095983	7.976846
2019-03-14 12:00:00	0.15933083	0.07688426	1.7791907	0.0650036	0.09743523	0.0004138806	217.5367	178.9469	2154.7383	2219.322	8.096116	7.9768524
2019-03-15 12:00:00	0.15913476	0.07866484	1.7776382	0.06487984	0.09949105	0.00041714724	217.59499	178.94798	2154.8005	2219.3213	8.096312	7.976855
2019-03-16 12:00:00	0.16254874	0.081176236	1.7753118	0.06470828	0.10228914	0.00042080946	217.65842	178.94908	2154.828	2219.321	8.096449	7.976859
2019-03-17 12:00:00	0.17499954	0.08417969	1.7724286	0.064502686	0.10561447	0.00042488394	217.717	178.95018	2154.8352	2219.3203	8.096461	7.9768653
2019-03-18 12:00:00	0.18464868	0.086506724	1.7701696	0.064336635	0.10831099	0.0004293831	217.76863	178.95128	2154.8472	2219.3198	8.096463	7.976871
2019-03-19 12:00:00	0.19223434	0.08796603	1.7687403	0.06422304	0.11016777	0.0004343118	217.80705	178.95238	2154.8337	2219.3193	8.096438	7.976878
2019-03-20 12:00:00	0.19579507	0.08883313	1.7678847	0.06414569	0.111439735	0.00043966508	217.83398	178.95346	2154.7993	2219.319	8.096455	7.9768815
2019-03-21 12:00:00	0.19756876	0.089319006	1.7674181	0.064092346	0.11232791	0.00044542723	217.85953	178.95453	2154.7725	2219.3184	8.096465	7.976886
2019-03-22 12:00:00	0.1968664	0.08948384	1.7671556	0.06405726	0.11287837	0.00045157157	217.85403	178.95561	2154.4414	2219.3179	8.096662	7.976892
2019-03-23 12:00:00	0.19917431	0.08968676	1.7669786	0.064022474	0.113457285	0.00045806263	217.87228	178.9567	2154.3533	2219.3176	8.09659	7.9768963
2019-03-24 12:00:00	0.20062129	0.08957274	1.7671909	0.064009435	0.11370511	0.00046485956	217.89525	178.95776	2154.41	2219.3171	8.096463	7.9768987
2019-03-25 12:00:00	0.2004456	0.089059696	1.7678348	0.06402286	0.11353462	0.0004719198	217.92206	178.95883	2154.4885	2219.3167	8.096494	7.9768987
2019-03-26 12:00:00	0.19930005	0.08841998	1.76863	0.06404568	0.11321278	0.00047920135	217.94649	178.9599	2154.5364	2219.3162	8.0965185	7.9769006
2019-03-27 12:00:00	0.19765142	0.08759036	1.7696294	0.06408186	0.11267545	0.00048667897	217.96059	178.96095	2154.5305	2219.3157	8.096525	7.976907
2019-03-28 12:00:00	0.19663222	0.086804196	1.7705718	0.06411635	0.112148605	0.0004943346	217.95982	178.96202	2154.407	2219.3157	8.096466	7.9769125
2019-03-29 12:00:00	0.19592401	0.08597454	1.77165	0.06415643	0.11155248	0.00050216017	217.97008	178.96307	2154.4563	2219.315	8.096375	7.9769135
2019-03-30 12:00:00	0.194661	0.08496076	1.7729388	0.064209834	0.11074774	0.0005101569	217.9804	178.96414	2154.5037	2219.3142	8.096318	7.976917
2019-03-31 12:00:00	0.1931799	0.08394915	1.7742325	0.064264536	0.1099146	0.00051833206	217.98189	178.96518	2154.466	2219.314	8.096261	7.9769187
2019-04-01 12:00:00	0.19180307	0.083033	1.7754855	0.064315476	0.10914704	0.0005266946	217.97621	178.96622	2154.4644	2219.3135	8.096114	7.97692
2019-04-02 12:00:00	0.19057478	0.08216303	1.7767328	0.06436532	0.10839936	0.00053524965	217.95847	178.96727	2154.4846	2219.313	8.095931	7.9769216
2019-04-03 12:00:00	0.18873133	0.081224196	1.778073	0.064421095	0.10756148	0.0005439971	217.9483	178.9683	2154.5122	2219.313	8.095794	7.97692
2019-04-04 12:00:00	0.18661419	0.08030077	1.7794244	0.06447756	0.10671497	0.00055293104	217.9397	178.96935	2154.5496	2219.3123	8.095604	7.9769216
2019-04-05 12:00:00	0.18469393	0.07936715	1.7808156	0.0645362	0.10583755	0.00056204054	217.92699	178.97038	2154.5884	2219.312	8.095456	7.9769216
2019-04-06 12:00:00	0.18258928	0.07839322	1.7822794	0.064599	0.10490127	0.0005713114	217.92314	178.97142	2154.661	2219.3115	8.095428	7.976924
2019-04-07 12:00:00	0.18046021	0.07752015	1.7836554	0.06465661	0.10404527	0.0005807305	217.91919	178.97246	2154.7146	2219.3108	8.095358	7.9769273
2019-04-08 12:00:00	0.17860255	0.076530546	1.7851567	0.06472259	0.103059076	0.00059028954	217.90152	178.97346	2154.7075	2219.3103	8.095239	7.9769273
2019-04-09 12:00:00	0.17711198	0.075584866	1.78665	0.064787306	0.10209791	0.0005999886	217.88155	178.97449	2154.717	2219.3105	8.09511	7.9769287
2019-04-10 12:00:00	0.17579779	0.07471813	1.7880864	0.06484828	0.101197496	0.0006098378	217.86098	178.9755	2154.7344	2219.3098	8.09496	7.97693
2019-04-11 12:00:00	0.17358163	0.07376533	1.7896234	0.064915776	0.10019901	0.0006198576	217.84209	178.97652	2154.7637	2219.309	8.094813	7.9769316
2019-04-12 12:00:00	0.17117979	0.07278099	1.7911621	0.06498575	0.09915257	0.00063007727	217.81146	178.97752	2154.6743	2219.309	8.094687	7.9769287
2019-04-13 12:00:00	0.1690328	0.07190863	1.7926422	0.06505033	0.09820025	0.0006405327	217.79619	178.9785	2154.6733	2219.3086	8.094683	7.976927
2019-04-14 12:00:00	0.16692163	0.07120748	1.7939935	0.065105386	0.09740384	0.00065126165	217.79425	178.9795	2154.7502	2219.308	8.094669	7.976926
2019-04-15 12:00:00	0.16489059	0.07043751	1.7954171	0.06516532	0.09653215	0.0006623001	217.78726	178.98048	2154.8037	2219.308	8.0945635	7.976926
2019-04-16 12:00:00	0.16299918	0.069683254	1.7968339	0.06522494	0.09566558	0.00067367806	217.7718	178.98149	2154.8352	2219.3074	8.094397	7.9769254
2019-04-17 12:00:00	0.16107945	0.06890642	1.7982789	0.06528657	0.09476714	0.0006854158	217.75049	178.98245	2154.8547	2219.3066	8.094174	7.9769254
2019-04-18 12:00:00	0.15913942	0.06819311	1.7996787	0.06534504	0.09391988	0.00069752155	217.73149	178.98344	2154.8828	2219.3066	8.094071	7.976924
2019-04-19 12:00:00	0.15727593	0.06756351	1.8010088	0.06539885	0.09314577	0.0007099898	217.71342	178.98442	2154.9207	2219.3062	8.093958	7.9769216
2019-04-20 12:00:00	0.1553068	0.06691309	1.80237	0.065454476	0.092345364	0.00072280096	217.69904	178.9854	2154.9756	2219.3057	8.093881	7.9769197
2019-04-21 12:00:00	0.15338562	0.06633891	1.8036637	0.06550574	0.09161284	0.00073592225	217.6887	178.98637	2155.047	2219.3052	8.093777	7.9769187
2019-04-22 12:00:00	0.15157057	0.06574575	1.804979	0.065558486	0.09085722	0.00074930856	217.67545	178.98732	2155.1177	2219.3052	8.09361	7.976917
2019-04-23 12:00:00	0.14982858	0.06509253	1.8063582	0.065615356	0.090038806	0.0007629056	217.65894	178.98827	2155.1738	2219.3044	8.093457	7.9769187
2019-04-24 12:00:00	0.14824884	0.06444424	1.8077357	0.06567227	0.08922017	0.00077665044	217.63687	178.98923	2155.2012	2219.3044	8.093314	7.976921
2019-04-25 12:00:00	0.14694063	0.06374463	1.8091723	0.06573277	0.08834687	0.000790475	217.61192	178.99014	2155.2134	2219.304	8.093161	7.9769225
2019-04-26 12:00:00	0.14593802	0.063170575	1.8104947	0.06578582	0.0875876	0.0008043069	217.58807	178.9911	2155.2302	2219.3035	8.092987	7.976921
2019-04-27 12:00:00	0.14504434	0.06266481	1.8117486	0.06583481	0.08689007	0.0008180723	217.56041	178.99203	2155.2542	2219.303	8.092775	7.97692
2019-04-28 12:00:00	0.14396109	0.06209156	1.8130739	0.065888196	0.08612748	0.00083169685	217.53162	178.99295	2155.2788	2219.3027	8.092603	7.9769225
2019-04-29 12:00:00	0.14196137	0.061464936	1.8144469	0.06594519	0.085310765	0.00084510783	217.50607	178.99387	2155.2979	2219.3025	8.092447	7.97692
2019-04-30 12:00:00	0.14065994	0.061004955	1.8156655	0.06599198	0.08464926	0.0008582359	217.4768	178.99478	2155.3245	2219.3025	8.092256	7.9769197
2019-05-01 12:00:00	0.13951148	0.06053914	1.8168938	0.06603921	0.08398236	0.0008710164	217.44916	178.9957	2155.358	2219.3018	8.092085	7.97692
2019-05-02 12:00:00	0.1383555	0.060082916	1.8181114	0.06608588	0.08332464	0.00088339235	217.42015	178.9966	2155.3848	2219.3015	8.091884	7.9769197
2019-05-03 12:00:00	0.13742687	0.059646662	1.8193129	0.06613128	0.08268634	0.00089531555	217.38852	178.99751	2155.4026	2219.301	8.091665	7.97692
2019-05-04 12:00:00	0.1367551	0.05922096	1.8205072	0.06617603	0.082059115	0.0009067486	217.36542	178.99841	2155.4216	2219.3008	8.091464	7.976924
2019-05-05 12:00:00	0.1361826	0.058779687	1.821707	0.06622176	0.081418715	0.00091766665	217.33823	178.99928	2155.4421	2219.3003	8.091269	7.976926
2019-05-06 12:00:00	0.13439572	0.05824802	1.8229976	0.06627325	0.08069436	0.0009280579	217.311	179.00015	2155.4734	2219.3003	8.091126	7.976926
2019-05-07 12:00:00	0.13230318	0.057741385	1.8242595	0.0663233	0.07999214	0.0009379237	217.27487	179.00105	2155.4958	2219.2996	8.090893	7.9769297
2019-05-08 12:00:00	0.13076237	0.057245813	1.8255057	0.06637269	0.079298444	0.0009472774	217.23029	179.00192	2155.4905	2219.2996	8.090639	7.9769325
2019-05-09 12:00:00	0.12919936	0.056768324	1.8267454	0.066421166	0.078622155	0.00095614325	217.19183	179.00282	2155.5044	2219.2993	8.090506	7.9769316
2019-05-10 12:00:00	0.12800662	0.056255985	1.8280264	0.06647199	0.07791361	0.00096455327	217.16031	179.0037	2155.5303	2219.2988	8.090412	7.976934
2019-05-11 12:00:00	0.12641577	0.055817116	1.8292408	0.06651831	0.07727411	0.0009725451	217.13458	179.00453	2155.576	2219.2986	8.0903635	7.976933
2019-05-12 12:00:00	0.124616	0.05532577	1.8305109	0.06656801	0.07658659	0.0009801594	217.11397	179.00542	2155.6333	2219.2983	8.090373	7.9769363
2019-05-13 12:00:00	0.12341318	0.05494926	1.8316616	0.066610426	0.07600627	0.0009874357	217.08891	179.00627	2155.671	2219.298	8.090246	7.97694
2019-05-14 12:00:00	0.12243336	0.05461738	1.8327637	0.066649914	0.07546852	0.0009944105	217.06117	179.00713	2155.7004	2219.2976	8.090028	7.976942
2019-05-15 12:00:00	0.12151214	0.05420553	1.8339288	0.066694185	0.07485772	0.0010011151	217.02339	179.008	2155.6897	2219.2976	8.089765	7.9769464
2019-05-16 12:00:00	0.1203843	0.05367722	1.8351858	0.0667456	0.074139826	0.0010075732	216.98401	179.00885	2155.6243	2219.297	8.089638	7.97695
2019-05-17 12:00:00	0.11963373	0.05320794	1.8364174	0.066793755	0.07347555	0.0010138003	216.9532	179.00969	2155.6233	2219.2969	8.089474	7.97695
2019-05-18 12:00:00	0.11886875	0.052863788	1.8375379	0.066834174	0.07292677	0.0010198011	216.92863	179.01054	2155.6555	2219.2964	8.089363	7.976953
2019-05-19 12:00:00	0.1179381	0.05256859	1.838606	0.06687137	0.072425544	0.0010255721	216.9059	179.01137	2155.6936	2219.2966	8.08922	7.976952
2019-05-20 12:00:00	0.11727634	0.052275524	1.8396684	0.06690821	0.07192893	0.0010310987	216.87743	179.0122	2155.719	2219.296	8.089028	7.9769554
2019-05-21 12:00:00	0.11680892	0.05190803	1.8407997	0.06694951	0.071367346	0.0010363593	216.85011	179.01305	2155.7366	2219.2957	8.088834	7.9769583
2019-05-22 12:00:00	0.11620423	0.051395115	1.8420593	0.06699986	0.07067447	0.0010413257	216.82568	179.01387	2155.7324	2219.2954	8.088732	7.976962
2019-05-23 12:00:00	0.11528119	0.050949063	1.8432474	0.06704605	0.07004208	0.001045967	216.79724	179.01471	2155.7122	2219.2954	8.088576	7.9769654
2019-05-24 12:00:00	0.113686465	0.050591663	1.8443745	0.067086905	0.06949259	0.0010502517	216.7751	179.01555	2155.7566	2219.295	8.088538	7.9769664
2019-05-25 12:00:00	0.112361826	0.050207913	1.8455266	0.06712933	0.06892148	0.0010541509	216.75743	179.01639	2155.8064	2219.2947	8.088539	7.9769683
2019-05-26 12:00:00	0.111074015	0.049833868	1.8466645	0.06717103	0.06836077	0.0010576423	216.73663	179.0172	2155.8489	2219.2944	8.088471	7.976972
2019-05-27 12:00:00	0.10881563	0.049433257	1.8478332	0.06721444	0.06777833	0.0010607103	216.72084	179.01804	2155.9104	2219.2942	8.088496	7.976974
2019-05-28 12:00:00	0.10775719	0.049127333	1.8489014	0.06725177	0.067283235	0.0010633487	216.70134	179.01886	2155.9534	2219.294	8.088413	7.976976
2019-05-29 12:00:00	0.10694133	0.048844025	1.849943	0.06728753	0.06681017	0.00106556	216.67744	179.01968	2155.9863	2219.2935	8.088244	7.976979
2019-05-30 12:00:00	0.106245406	0.04857457	1.8509643	0.067322254	0.06635219	0.0010673541	216.64923	179.02051	2156.0056	2219.2935	8.088006	7.9769816
2019-05-31 12:00:00	0.105805054	0.048321627	1.8519675	0.06735579	0.06591193	0.0010687471	216.6149	179.02133	2156.0159	2219.2927	8.087745	7.976983
2019-06-01 12:00:00	0.10560068	0.04806662	1.8529725	0.06738931	0.06547308	0.0010697573	216.57933	179.02217	2156.0269	2219.2927	8.087494	7.9769855
2019-06-02 12:00:00	0.10555728	0.047758743	1.8540261	0.067425966	0.06499102	0.0010704038	216.54457	179.023	2156.0361	2219.2927	8.087276	7.9769874
2019-06-03 12:00:00	0.105116844	0.047326785	1.8551961	0.06747035	0.06440167	0.0010707036	216.51433	179.02379	2156.042	2219.292	8.087162	7.9769897
2019-06-04 12:00:00	0.10418416	0.046925128	1.8563129	0.067512736	0.06383926	0.0010706694	216.48001	179.02463	2156.0024	2219.292	8.087054	7.976991
2019-06-05 12:00:00	0.1037742	0.04657175	1.8573817	0.06755203	0.06332133	0.001070309	216.44618	179.02545	2155.9578	2219.2915	8.086921	7.976993
2019-06-06 12:00:00	0.10353363	0.046181504	1.8584968	0.067593694	0.06277327	0.001069625	216.41728	179.02629	2155.9329	2219.2913	8.086786	7.976995
2019-06-07 12:00:00	0.10346456	0.045773253	1.8596287	0.067636475	0.062211353	0.0010686166	216.39139	179.02711	2155.9036	2219.2913	8.08669	7.9769974
2019-06-08 12:00:00	0.10334935	0.04538185	1.8607423	0.06767823	0.061665922	0.0010672812	216.36967	179.02792	2155.8755	2219.2905	8.086596	7.977
2019-06-09 12:00:00	0.102235116	0.045097705	1.8617573	0.06771331	0.06121696	0.0010656166	216.34537	179.02875	2155.865	2219.2905	8.086445	7.977002
2019-06-10 12:00:00	0.101875536	0.044881172	1.8627146	0.06774408	0.06082949	0.0010636242	216.31161	179.02957	2155.8716	2219.2903	8.086196	7.977003
2019-06-11 12:00:00	0.101924255	0.044586137	1.8637549	0.06777963	0.06037767	0.001061311	216.28757	179.03041	2155.8816	2219.2898	8.086023	7.9770045
2019-06-12 12:00:00	0.1021419	0.044253767	1.8648266	0.067817464	0.059895974	0.0010586913	216.27171	179.03123	2155.8904	2219.2896	8.085879	7.9770074
2019-06-13 12:00:00	0.10242159	0.04398689	1.865823	0.06785112	0.0594728	0.0010557879	216.24611	179.03207	2155.898	2219.2893	8.085693	7.9770093
2019-06-14 12:00:00	0.102763064	0.04380937	1.8667332	0.06787902	0.059129845	0.0010526314	216.21452	179.0329	2155.9033	2219.2893	8.085439	7.97701
2019-06-15 12:00:00	0.10319823	0.043653037	1.8676246	0.0679054	0.058809165	0.001049258	216.18256	179.03372	2155.9128	2219.2888	8.085192	7.977012
2019-06-16 12:00:00	0.10370524	0.04346359	1.8685406	0.06793363	0.058464374	0.0010457083	216.15579	179.03456	2155.9177	2219.2886	8.084995	7.977014
2019-06-17 12:00:00	0.104212224	0.043151967	1.8695605	0.06796929	0.05801724	0.0010420239	216.13722	179.0354	2155.9023	2219.2883	8.084884	7.9770155
2019-06-18 12:00:00	0.10476424	0.042865127	1.8705573	0.06800343	0.05759256	0.0010382453	216.12369	179.03622	2155.8926	2219.2878	8.084782	7.9770184
2019-06-19 12:00:00	0.105352126	0.042685054	1.871461	0.06803087	0.057260666	0.0010344088	216.10442	179.03708	2155.9004	2219.2878	8.08459	7.977021
2019-06-20 12:00:00	0.10595502	0.042538106	1.8723294	0.0680561	0.056959614	0.0010305445	216.08502	179.03792	2155.9116	2219.2874	8.08439	7.9770226
2019-06-21 12:00:00	0.10537685	0.042320095	1.8732526	0.06808555	0.056600302	0.0010266752	216.05972	179.03877	2155.9023	2219.287	8.084289	7.977025
2019-06-22 12:00:00	0.102130964	0.04196663	1.8742745	0.06812332	0.056125004	0.0010228149	216.01753	179.03961	2155.829	2219.2869	8.084264	7.977028
2019-06-23 12:00:00	0.09890238	0.04167439	1.8752464	0.06815737	0.055700604	0.0010189704	215.97556	179.04044	2155.7593	2219.2866	8.084182	7.9770317
2019-06-24 12:00:00	0.096935	0.04143349	1.876186	0.068188325	0.05531942	0.0010151406	215.937	179.0413	2155.7327	2219.2864	8.084088	7.977034
2019-06-25 12:00:00	0.09531262	0.041219223	1.8771114	0.06821766	0.054963328	0.0010113178	215.90483	179.04216	2155.7378	2219.2861	8.08402	7.9770346
2019-06-26 12:00:00	0.09483169	0.04094079	1.8781116	0.06825101	0.054555766	0.0010074906	215.87703	179.043	2155.7673	2219.2856	8.083936	7.977037
2019-06-27 12:00:00	0.09447611	0.040664192	1.8791064	0.06828423	0.054152004	0.0010036438	215.85371	179.04387	2155.7876	2219.2852	8.083834	7.97704
2019-06-28 12:00:00	0.09432311	0.040475894	1.8800019	0.068311766	0.053823303	0.0009997612	215.8262	179.04472	2155.783	2219.285	8.08365	7.9770412
2019-06-29 12:00:00	0.094387904	0.040262394	1.8809083	0.06834067	0.053475454	0.00099583	215.79727	179.04558	2155.7517	2219.2847	8.083482	7.9770427
2019-06-30 12:00:00	0.09456961	0.03998755	1.881871	0.06837334	0.053078268	0.0009918382	215.77315	179.04643	2155.7158	2219.2847	8.083367	7.977046
2019-07-01 12:00:00	0.09491279	0.039762054	1.8828024	0.06840299	0.05272375	0.0009877671	215.75339	179.04732	2155.715	2219.284	8.083205	7.977049
2019-07-02 12:00:00	0.0945153	0.039542723	1.8836821	0.06843188	0.052376002	0.000983609	215.72557	179.04816	2155.6274	2219.284	8.083139	7.977052
2019-07-03 12:00:00	0.09382501	0.039314754	1.88457	0.06846127	0.052025072	0.000979361	215.70164	179.04903	2155.5464	2219.2837	8.083127	7.977056
2019-07-04 12:00:00	0.09387295	0.039152533	1.8854444	0.06848676	0.05172983	0.0009750238	215.68132	179.04988	2155.5706	2219.2834	8.082966	7.9770565
2019-07-05 12:00:00	0.09403982	0.038998578	1.8863089	0.068511635	0.051444706	0.00097060326	215.66217	179.05075	2155.5945	2219.283	8.082808	7.977059
2019-07-06 12:00:00	0.094278745	0.03889187	1.8871257	0.068533376	0.051200926	0.00096610805	215.63947	179.05162	2155.615	2219.2825	8.082615	7.9770617
2019-07-07 12:00:00	0.09467175	0.038787797	1.8879343	0.06855478	0.050962273	0.00096155005	215.62016	179.0525	2155.636	2219.2822	8.0824175	7.9770637
2019-07-08 12:00:00	0.09515758	0.038682215	1.8887441	0.06857609	0.050725494	0.0009569421	215.60297	179.05339	2155.653	2219.2822	8.0822115	7.977067
2019-07-09 12:00:00	0.095686905	0.03851589	1.8895965	0.068601	0.05044219	0.000952298	215.58473	179.05426	2155.6538	2219.2817	8.082051	7.97707
2019-07-10 12:00:00	0.09580771	0.03829854	1.8905052	0.068629116	0.05011821	0.00094762986	215.56842	179.05515	2155.6606	2219.2812	8.081936	7.9770727
2019-07-11 12:00:00	0.09450781	0.038108326	1.8913809	0.06865546	0.04981714	0.00094294833	215.54378	179.05602	2155.651	2219.2812	8.081816	7.9770765
2019-07-12 12:00:00	0.09339951	0.037869014	1.8922782	0.06868472	0.049476918	0.0009382606	215.51546	179.0569	2155.5945	2219.2808	8.081789	7.977081
2019-07-13 12:00:00	0.09305499	0.037742533	1.8931025	0.06870714	0.0492292	0.00093357125	215.49489	179.0578	2155.615	2219.2803	8.081696	7.9770827
2019-07-14 12:00:00	0.092855975	0.037631873	1.893913	0.06872848	0.048995808	0.00092888065	215.47636	179.05867	2155.6423	2219.28	8.081561	7.9770856
2019-07-15 12:00:00	0.09295771	0.037533186	1.8947031	0.06874891	0.04877394	0.00092418777	215.45105	179.05954	2155.654	2219.2795	8.081341	7.9770875
2019-07-16 12:00:00	0.09329091	0.037422042	1.8955069	0.06877003	0.048544083	0.0009194899	215.4256	179.06046	2155.669	2219.2795	8.08114	7.9770927
2019-07-17 12:00:00	0.09374476	0.037283253	1.8963332	0.06879274	0.048295423	0.00091478525	215.4037	179.06134	2155.6836	2219.279	8.080954	7.977096
2019-07-18 12:00:00	0.094273284	0.03712375	1.8971716	0.06881664	0.048032552	0.0009100725	215.3824	179.06224	2155.6873	2219.2786	8.080777	7.9771
2019-07-19 12:00:00	0.094882995	0.037014388	1.8979636	0.068837315	0.04781103	0.00090535206	215.36162	179.06314	2155.6956	2219.2786	8.080579	7.9771023
2019-07-20 12:00:00	0.09548454	0.036926955	1.8987346	0.06885652	0.04760911	0.0009006273	215.34146	179.06403	2155.709	2219.278	8.080376	7.9771047
2019-07-21 12:00:00	0.09602411	0.036837794	1.8995042	0.06887573	0.04740739	0.00089590414	215.32024	179.06493	2155.7195	2219.278	8.080203	7.977109
2019-07-22 12:00:00	0.09653389	0.036736615	1.9002851	0.06889559	0.04719712	0.0008911915	215.2987	179.06583	2155.7295	2219.2773	8.080028	7.9771137
2019-07-23 12:00:00	0.09717298	0.03662917	1.9010721	0.06891577	0.046983104	0.0008864999	215.27562	179.06673	2155.741	2219.277	8.07985	7.977118
2019-07-24 12:00:00	0.097838305	0.036538325	1.9018384	0.06893482	0.046784203	0.000881841	215.25238	179.06763	2155.7488	2219.2766	8.079661	7.977121
2019-07-25 12:00:00	0.09848192	0.036440223	1.9026132	0.06895426	0.046581056	0.00087722647	215.23419	179.06854	2155.758	2219.2766	8.07953	7.977125
2019-07-26 12:00:00	0.098074	0.03632805	1.9033984	0.06897452	0.046367493	0.0008726662	215.21869	179.06946	2155.7588	2219.276	8.079437	7.9771295
2019-07-27 12:00:00	0.097761184	0.036204293	1.9041948	0.06899544	0.046145596	0.00086816837	215.19963	179.07039	2155.7646	2219.2756	8.07931	7.9771338
2019-07-28 12:00:00	0.0980476	0.036020633	1.9050448	0.06902009	0.04587901	0.00086373807	215.17886	179.07129	2155.7678	2219.2754	8.07919	7.9771376
2019-07-29 12:00:00	0.09858071	0.035841744	1.9058853	0.069044456	0.045617066	0.00085937406	215.16096	179.0722	2155.765	2219.2751	8.079053	7.977143
2019-07-30 12:00:00	0.09911351	0.035741024	1.9066507	0.0690639	0.045414854	0.0008550738	215.14832	179.07315	2155.764	2219.2747	8.078899	7.9771476
2019-07-31 12:00:00	0.099123165	0.03563278	1.9074181	0.06908375	0.045208406	0.0008508336	215.13234	179.07407	2155.7622	2219.2744	8.078771	7.977153
2019-08-01 12:00:00	0.099206835	0.035504017	1.9082	0.0691048	0.04498809	0.0008466484	215.11452	179.07498	2155.7493	2219.274	8.07865	7.9771566
2019-08-02 12:00:00	0.09963312	0.035375156	1.9089887	0.06912585	0.044767164	0.00084251177	215.09877	179.0759	2155.7476	2219.2737	8.078501	7.977162
2019-08-03 12:00:00	0.10022777	0.035265107	1.9097679	0.06914575	0.04456228	0.000838417	215.0858	179.07681	2155.7603	2219.2732	8.078342	7.977168
2019-08-04 12:00:00	0.100784175	0.035108645	1.9105908	0.069168516	0.04432474	0.0008343577	215.0752	179.07776	2155.7725	2219.2732	8.078233	7.9771724
2019-08-05 12:00:00	0.09755962	0.03493207	1.9114376	0.069192596	0.044072755	0.0008303282	215.06252	179.07869	2155.7727	2219.2727	8.078219	7.977178
2019-08-06 12:00:00	0.093963094	0.034824077	1.9122145	0.06921239	0.043870594	0.0008263245	215.03694	179.0796	2155.7563	2219.2725	8.0781765	7.977184
2019-08-07 12:00:00	0.0929296	0.034713224	1.9129959	0.06923235	0.043667335	0.00082234346	215.0092	179.08054	2155.7527	2219.272	8.078104	7.9771886
2019-08-08 12:00:00	0.09255267	0.034595862	1.9137882	0.06925273	0.043460667	0.00081838353	214.98389	179.08144	2155.7637	2219.2715	8.0780115	7.977195
2019-08-09 12:00:00	0.092370376	0.034494147	1.9145665	0.06927213	0.043265272	0.00081444415	214.96072	179.0824	2155.7778	2219.2712	8.077924	7.9772005
2019-08-10 12:00:00	0.09174881	0.034338355	1.9153837	0.069294795	0.043031972	0.0008105258	214.93976	179.08334	2155.7625	2219.271	8.077938	7.977207
2019-08-11 12:00:00	0.09088929	0.034083497	1.9162757	0.06932358	0.04272681	0.00080662925	214.9202	179.08426	2155.7126	2219.2708	8.078039	7.9772134
2019-08-12 12:00:00	0.09038838	0.033821013	1.9171497	0.0693528	0.04241464	0.00080275565	214.9024	179.0852	2155.6184	2219.27	8.078161	7.9772196
2019-08-13 12:00:00	0.08995219	0.03354868	1.9180006	0.06938254	0.042094078	0.0007989062	214.88667	179.08614	2155.4727	2219.2695	8.07831	7.9772253
2019-08-14 12:00:00	0.08951787	0.033333026	1.9188526	0.069409154	0.041815594	0.000795082	214.88185	179.08708	2155.4167	2219.2698	8.078344	7.9772315
2019-08-15 12:00:00	0.08944373	0.033246662	1.9196174	0.0694279	0.041635014	0.00079128443	214.87665	179.08803	2155.4248	2219.2688	8.078226	7.9772367
2019-08-16 12:00:00	0.08942789	0.03316563	1.9203774	0.069446236	0.041460175	0.0007875144	214.86812	179.08897	2155.4373	2219.2688	8.078083	7.9772444
2019-08-17 12:00:00	0.08964993	0.033083525	1.9211344	0.06946454	0.04128591	0.000783773	214.85094	179.0899	2155.4504	2219.2683	8.07789	7.977249
2019-08-18 12:00:00	0.090098515	0.032960698	1.9219301	0.06948529	0.041084826	0.0007800622	214.83562	179.09088	2155.464	2219.2678	8.077725	7.977256
2019-08-19 12:00:00	0.09055404	0.0327824	1.9227741	0.06950951	0.040844318	0.0007763837	214.82458	179.09181	2155.4783	2219.2676	8.077619	7.977262
2019-08-20 12:00:00	0.091017395	0.03269996	1.923526	0.06952765	0.040674787	0.0007727402	214.80807	179.09276	2155.4912	2219.267	8.077442	7.977267
2019-08-21 12:00:00	0.0916164	0.03261669	1.9242775	0.069545716	0.040506832	0.0007691343	214.79378	179.0937	2155.508	2219.2668	8.07727	7.9772735
2019-08-22 12:00:00	0.09227441	0.032483757	1.9250754	0.06956683	0.040304787	0.00076556904	214.78336	179.09468	2155.5254	2219.2666	8.077144	7.977278
2019-08-23 12:00:00	0.09246922	0.032264125	1.9259493	0.06959336	0.04004003	0.00076204806	214.77556	179.09561	2155.5303	2219.266	8.077092	7.9772835
2019-08-24 12:00:00	0.092075	0.03207337	1.9267647	0.06961797	0.039796982	0.00075857475	214.76323	179.09656	2155.485	2219.2659	8.077076	7.9772887
2019-08-25 12:00:00	0.09107212	0.031898733	1.9275869	0.06964174	0.03956582	0.00075515243	214.75453	179.09752	2155.4722	2219.2656	8.077047	7.9772944
2019-08-26 12:00:00	0.09059366	0.031787615	1.9283574	0.06966158	0.039379723	0.00075178425	214.7417	179.09846	2155.4724	2219.265	8.0769615	7.9772997
2019-08-27 12:00:00	0.09024185	0.031676713	1.9291296	0.06968145	0.03919442	0.00074847264	214.72859	179.09943	2155.475	2219.2646	8.076865	7.9773035
2019-08-28 12:00:00	0.09013806	0.031585377	1.9298898	0.06970012	0.0390235	0.000745219	214.714	179.1004	2155.489	2219.2642	8.076725	7.9773064
2019-08-29 12:00:00	0.09015437	0.031484563	1.9306601	0.06971937	0.03884592	0.00074202416	214.69833	179.10135	2155.5027	2219.264	8.076605	7.9773107
2019-08-30 12:00:00	0.09028976	0.03137234	1.9314415	0.069739304	0.038660694	0.00073888764	214.68146	179.10231	2155.5186	2219.2634	8.076464	7.9773145
2019-08-31 12:00:00	0.0906082	0.031282905	1.9321995	0.069757774	0.038494676	0.0007358082	214.66434	179.10326	2155.5347	2219.2632	8.076307	7.977316
2019-09-01 12:00:00	0.09030176	0.03118864	1.9329587	0.06977648	0.03832655	0.00073278305	214.64987	179.10422	2155.5432	2219.2627	8.076226	7.9773192
2019-09-02 12:00:00	0.08954008	0.03107538	1.9337307	0.0697963	0.03814517	0.0007298087	214.63701	179.10518	2155.5427	2219.2625	8.076205	7.977321
2019-09-03 12:00:00	0.08864788	0.030977312	1.9345008	0.06981519	0.03797669	0.0007268812	214.62575	179.10612	2155.554	2219.262	8.076199	7.9773235
2019-09-04 12:00:00	0.08597513	0.030836433	1.9352773	0.06983653	0.03777877	0.00072399585	214.60739	179.10712	2155.4893	2219.2617	8.076349	7.9773254
2019-09-05 12:00:00	0.08403509	0.030570313	1.9359001	0.06986429	0.037485104	0.00072114816	214.55542	179.1081	2155.0034	2219.2612	8.076726	7.977328
2019-09-06 12:00:00	0.08376032	0.0303425	1.9367431	0.069891095	0.037223034	0.00071833364	214.54256	179.10905	2154.9277	2219.261	8.076782	7.9773283
2019-09-07 12:00:00	0.08372296	0.03020784	1.937546	0.06991242	0.037029896	0.0007155481	214.53178	179.11	2154.938	2219.2607	8.076688	7.9773297
2019-09-08 12:00:00	0.083736494	0.030099075	1.9383245	0.06993212	0.03685625	0.00071278797	214.51834	179.11098	2154.95	2219.26	8.076582	7.977331
2019-09-09 12:00:00	0.08370106	0.03000632	1.9390835	0.06995078	0.036694914	0.0007100493	214.50633	179.11195	2154.9612	2219.2595	8.076462	7.977331
2019-09-10 12:00:00	0.08388925	0.029916206	1.9398406	0.069969214	0.036537122	0.00070732896	214.49135	179.11293	2154.9775	2219.2593	8.076317	7.9773297
2019-09-11 12:00:00	0.084096596	0.029821998	1.9405967	0.069987856	0.03637788	0.00070462347	214.47763	179.11388	2154.9917	2219.259	8.076207	7.9773297
2019-09-12 12:00:00	0.08405657	0.029727109	1.9413556	0.070006475	0.03621988	0.0007019295	214.46503	179.11484	2155.0088	2219.2585	8.076138	7.9773283
2019-09-13 12:00:00	0.08386198	0.029623091	1.9421278	0.0700256	0.03605747	0.0006992432	214.4543	179.11583	2155.0322	2219.258	8.07611	7.9773307
2019-09-14 12:00:00	0.08372894	0.029523721	1.9428949	0.07004439	0.035899647	0.0006965609	214.44545	179.1168	2155.0562	2219.2578	8.07607	7.9773283
2019-09-15 12:00:00	0.08343645	0.029429005	1.9436631	0.070062876	0.035746325	0.00069387804	214.43864	179.1178	2155.087	2219.257	8.076055	7.977328
2019-09-16 12:00:00	0.082894586	0.029329123	1.94443	0.0700816	0.03559023	0.0006911904	214.43237	179.11874	2155.099	2219.2568	8.076099	7.977324
2019-09-17 12:00:00	0.08255473	0.02918561	1.9452404	0.070103034	0.035404123	0.000688494	214.42662	179.1197	2155.1191	2219.2566	8.07613	7.977324
2019-09-18 12:00:00	0.08238181	0.028941747	1.9461303	0.07013072	0.035145156	0.0006857849	214.418	179.12068	2155.1145	2219.256	8.076163	7.9773254
2019-09-19 12:00:00	0.08156851	0.028712122	1.9469527	0.070157364	0.03489473	0.00068306	214.40631	179.12167	2155.0056	2219.2559	8.076331	7.977327
2019-09-20 12:00:00	0.07472171	0.028555833	1.947778	0.07017983	0.034700233	0.0006803169	214.39111	179.12267	2154.977	2219.2551	8.076569	7.977325
2019-09-21 12:00:00	0.073190615	0.028358378	1.9486467	0.07020485	0.034475133	0.0006775541	214.36104	179.12363	2155.0132	2219.2551	8.076658	7.97732
2019-09-22 12:00:00	0.072320774	0.028118351	1.9495684	0.07023264	0.034219563	0.00067477097	214.33757	179.1246	2155.0647	2219.255	8.076849	7.9773192
2019-09-23 12:00:00	0.07116895	0.027883545	1.9504931	0.07026015	0.033969056	0.00067196775	214.32071	179.12558	2155.128	2219.2542	8.077115	7.977318
2019-09-24 12:00:00	0.07038552	0.027637018	1.9514194	0.07028839	0.033709366	0.00066914526	214.30518	179.12657	2155.172	2219.2537	8.077297	7.9773192
2019-09-25 12:00:00	0.06990244	0.027388494	1.9522761	0.0703165	0.033445954	0.0006663049	214.28033	179.12753	2155.0847	2219.2537	8.077431	7.977322
2019-09-26 12:00:00	0.06904722	0.027181309	1.9530634	0.070341974	0.033211682	0.00066344824	214.25357	179.12854	2154.9343	2219.253	8.077554	7.9773235
2019-09-27 12:00:00	0.06865103	0.027054634	1.9538469	0.070362836	0.033038504	0.00066057703	214.23564	179.12952	2154.9158	2219.253	8.077503	7.977324
2019-09-28 12:00:00	0.06846897	0.0269243	1.9546512	0.070383996	0.03286392	0.0006576929	214.2216	179.13051	2154.94	2219.2522	8.077517	7.977322
2019-09-29 12:00:00	0.068201445	0.026762167	1.9554925	0.07040715	0.032666683	0.00065479724	214.21257	179.13148	2154.9763	2219.252	8.077608	7.9773226
2019-09-30 12:00:00	0.06783798	0.026585981	1.9563416	0.07043116	0.032459587	0.0006518916	214.20424	179.13248	2154.9978	2219.2517	8.077681	7.9773254
2019-10-01 12:00:00	0.06761758	0.026425581	1.9571593	0.07045411	0.032263923	0.0006489773	214.19211	179.13347	2154.991	2219.251	8.077665	7.977327
2019-10-02 12:00:00	0.06737901	0.026233513	1.9579953	0.07047902	0.03204618	0.0006460557	214.17938	179.13443	2154.9636	2219.2505	8.077708	7.9773283
2019-10-03 12:00:00	0.067187026	0.026049918	1.958827	0.070503466	0.031834505	0.00064312824	214.16873	179.13544	2154.9429	2219.2505	8.077749	7.9773297
2019-10-04 12:00:00	0.06716229	0.025930168	1.9596062	0.07052397	0.03167037	0.00064019667	214.1565	179.13641	2154.9456	2219.25	8.077654	7.977331
2019-10-05 12:00:00	0.06722428	0.025817718	1.9603772	0.07054398	0.031512972	0.00063726254	214.14166	179.13742	2154.9473	2219.2495	8.077549	7.9773335
2019-10-06 12:00:00	0.067164026	0.025674243	1.9611858	0.07056595	0.03133389	0.0006343276	214.13196	179.13841	2154.9617	2219.2488	8.077523	7.9773355
2019-10-07 12:00:00	0.06630268	0.02548012	1.962079	0.0705912	0.0311187	0.00063139404	214.13531	179.1394	2155.0247	2219.2488	8.077849	7.9773355
2019-10-08 12:00:00	0.06520163	0.025256444	1.9630078	0.07061826	0.030882297	0.0006284639	214.14464	179.14038	2155.1057	2219.2483	8.078259	7.9773383
2019-10-09 12:00:00	0.06462326	0.025039474	1.9639173	0.070644796	0.030651467	0.00062553963	214.15459	179.14137	2155.1711	2219.248	8.078526	7.9773417
2019-10-10 12:00:00	0.06425357	0.024837585	1.964798	0.07067035	0.030432139	0.00062262313	214.16362	179.14238	2155.2175	2219.247	8.078657	7.977346
2019-10-11 12:00:00	0.06398387	0.024643397	1.9656622	0.07069544	0.030218285	0.0006197165	214.17075	179.14337	2155.248	2219.2473	8.078715	7.977351
2019-10-12 12:00:00	0.06385221	0.024442691	1.9664978	0.07072082	0.029997597	0.00061682105	214.17058	179.14438	2155.217	2219.2468	8.078709	7.9773555
2019-10-13 12:00:00	0.06372544	0.02428548	1.9673178	0.07074368	0.029810699	0.0006139382	214.1715	179.14537	2155.2332	2219.2463	8.078664	7.9773593
2019-10-14 12:00:00	0.06362225	0.024181686	1.9680897	0.07076321	0.029665107	0.0006110687	214.16971	179.14638	2155.256	2219.2458	8.078597	7.9773617
2019-10-15 12:00:00	0.0635472	0.024032522	1.9688991	0.07078552	0.029485092	0.00060821226	214.16716	179.14738	2155.27	2219.2456	8.078527	7.977365
2019-10-16 12:00:00	0.063470595	0.02386041	1.9697313	0.07080931	0.02928609	0.0006053686	214.16257	179.14839	2155.2817	2219.2454	8.07845	7.9773703
2019-10-17 12:00:00	0.063404426	0.023729902	1.970526	0.07083052	0.029120153	0.0006025368	214.15744	179.14938	2155.2988	2219.2446	8.07838	7.9773755
2019-10-18 12:00:00	0.06319714	0.023550665	1.9713699	0.070854776	0.028917307	0.00059971516	214.15855	179.15039	2155.3184	2219.2444	8.07839	7.977381
2019-10-19 12:00:00	0.06298092	0.023349863	1.9721818	0.070880175	0.028695665	0.00059690187	214.1524	179.15138	2155.241	2219.2441	8.078453	7.9773855
2019-10-20 12:00:00	0.06266365	0.023165584	1.9730294	0.0709048	0.028488016	0.00059409416	214.15677	179.15237	2155.2556	2219.2437	8.078564	7.9773884
2019-10-21 12:00:00	0.06209631	0.022991894	1.9738835	0.07092882	0.028289689	0.000591289	214.16537	179.15338	2155.3037	2219.2432	8.078678	7.97739
2019-10-22 12:00:00	0.061815485	0.022822876	1.974726	0.07095251	0.028094856	0.0005884826	214.17139	179.1544	2155.3403	2219.2427	8.078715	7.9773927
2019-10-23 12:00:00	0.06159598	0.022690196	1.9755315	0.07097391	0.027929392	0.0005856706	214.17738	179.1554	2155.3716	2219.2424	8.078747	7.977396
2019-10-24 12:00:00	0.061430573	0.022537882	1.9763415	0.07099646	0.027749987	0.00058284786	214.18019	179.15639	2155.379	2219.2422	8.078739	7.9773984
2019-10-25 12:00:00	0.061310943	0.022393454	1.9771483	0.07101855	0.027577268	0.0005800092	214.18109	179.1574	2155.3958	2219.2415	8.078721	7.9774
2019-10-26 12:00:00	0.06118093	0.02223985	1.9779625	0.0710412	0.027396675	0.00057714886	214.18188	179.1584	2155.4102	2219.241	8.0787	7.9774
2019-10-27 12:00:00	0.061080072	0.022064364	1.9787933	0.07106521	0.02719811	0.0005742611	214.1813	179.15944	2155.415	2219.2405	8.078673	7.9774013
2019-10-28 12:00:00	0.060906492	0.021904198	1.9796183	0.07108835	0.027011462	0.0005713406	214.18411	179.16045	2155.4338	2219.2405	8.078684	7.9774013
2019-10-29 12:00:00	0.060685612	0.021783417	1.9804106	0.07110901	0.026858076	0.0005683828	214.18971	179.16144	2155.4648	2219.2397	8.07872	7.977404
2019-10-30 12:00:00	0.060424004	0.021649266	1.9812139	0.07113046	0.0266946	0.0005653832	214.19539	179.16245	2155.491	2219.2393	8.078771	7.977404
2019-10-31 12:00:00	0.05988499	0.021508979	1.9820397	0.07115232	0.026527833	0.00056233886	214.20674	179.16348	2155.5496	2219.239	8.078972	7.9774027
2019-11-01 12:00:00	0.05908364	0.021345194	1.9828918	0.07117558	0.026342982	0.0005592477	214.22137	179.1645	2155.6194	2219.2385	8.079237	7.9773984
2019-11-02 12:00:00	0.058648776	0.021196222	1.9837209	0.071197845	0.026171677	0.0005561089	214.23572	179.16553	2155.6775	2219.2383	8.079411	7.977399
2019-11-03 12:00:00	0.05832835	0.021072295	1.984518	0.071218446	0.026021577	0.0005529223	214.24883	179.16653	2155.7239	2219.238	8.079488	7.977399
2019-11-04 12:00:00	0.058052365	0.020963779	1.985292	0.071238026	0.025884792	0.00054968917	214.25795	179.16756	2155.7563	2219.2373	8.079516	7.9773974
2019-11-05 12:00:00	0.058041777	0.020843342	1.9860607	0.071258254	0.025738418	0.0005464111	214.25563	179.16858	2155.7568	2219.2366	8.079434	7.9773946
2019-11-06 12:00:00	0.057970174	0.020744544	1.9868115	0.071277164	0.025610171	0.00054309046	214.25668	179.16957	2155.7646	2219.2368	8.079368	7.977391
2019-11-07 12:00:00	0.057854503	0.020618826	1.9875749	0.07129768	0.025459733	0.00053972995	214.25697	179.17061	2155.7488	2219.236	8.079328	7.9773884
2019-11-08 12:00:00	0.057804916	0.020438356	1.9883491	0.071321435	0.025263308	0.0005363326	214.25539	179.17165	2155.659	2219.2358	8.079343	7.9773855
2019-11-09 12:00:00	0.057836104	0.020280942	1.9891332	0.07134396	0.025086189	0.00053290155	214.25839	179.17267	2155.6252	2219.2354	8.0793295	7.977384
2019-11-10 12:00:00	0.0574791	0.02013776	1.9898906	0.07136553	0.02492072	0.0005294396	214.25789	179.1737	2155.5652	2219.2349	8.0794	7.9773808
2019-11-11 12:00:00	0.056838155	0.019971598	1.9906017	0.07138823	0.02473553	0.00052594964	214.25163	179.17473	2155.3872	2219.2349	8.0796585	7.9773755
2019-11-12 12:00:00	0.055979554	0.019853283	1.9913931	0.071408466	0.024593648	0.00052243413	214.26709	179.17574	2155.4375	2219.2341	8.07989	7.977369
2019-11-13 12:00:00	0.055456795	0.019757323	1.992168	0.07142724	0.024472186	0.00051889464	214.28433	179.17676	2155.5012	2219.2334	8.080088	7.9773645
2019-11-14 12:00:00	0.055183105	0.019650958	1.9929357	0.07144654	0.024343006	0.00051533256	214.29643	179.1778	2155.535	2219.2334	8.080142	7.9773602
2019-11-15 12:00:00	0.054623593	0.019493928	1.9937478	0.071468994	0.024171133	0.0005117497	214.30838	179.17885	2155.559	2219.233	8.080274	7.9773517
2019-11-16 12:00:00	0.05386381	0.019341182	1.9945649	0.07149123	0.02400318	0.0005081488	214.32195	179.17989	2155.6023	2219.2322	8.080443	7.977346
2019-11-17 12:00:00	0.05361694	0.019184416	1.9953715	0.07151368	0.023831148	0.00050453155	214.32933	179.1809	2155.6152	2219.232	8.080452	7.977341
2019-11-18 12:00:00	0.05338533	0.019022789	1.9961879	0.071536526	0.02365387	0.00050089974	214.33727	179.18196	2155.635	2219.2314	8.080459	7.977338
2019-11-19 12:00:00	0.05315201	0.01888364	1.9969747	0.071558	0.023494853	0.0004972551	214.34265	179.18298	2155.6392	2219.231	8.080423	7.977331
2019-11-20 12:00:00	0.05295592	0.018763026	1.9977261	0.071578264	0.023351189	0.0004935994	214.34329	179.18405	2155.6106	2219.2307	8.080375	7.977325
2019-11-21 12:00:00	0.052819543	0.0186103	1.9985145	0.07160061	0.023179954	0.00048993446	214.34363	179.18506	2155.5903	2219.23	8.080361	7.97732
2019-11-22 12:00:00	0.052393652	0.018489039	1.9992936	0.07162108	0.02303657	0.00048626214	214.35225	179.18611	2155.6113	2219.2295	8.080573	7.977316
2019-11-23 12:00:00	0.05156532	0.018388484	2.000077	0.071640275	0.022912951	0.0004825841	214.37016	179.18715	2155.686	2219.2292	8.080908	7.977309
2019-11-24 12:00:00	0.050999094	0.018269591	2.0008707	0.07166048	0.022774944	0.00047890184	214.38716	179.18822	2155.7485	2219.2288	8.081122	7.977305
2019-11-25 12:00:00	0.050625235	0.01815002	2.0016568	0.071680665	0.02263741	0.0004752164	214.40274	179.18927	2155.7961	2219.2285	8.081257	7.9773016
2019-11-26 12:00:00	0.050189503	0.018011458	2.0024464	0.07170197	0.02248309	0.00047152903	214.4157	179.1903	2155.8188	2219.228	8.081392	7.9773
2019-11-27 12:00:00	0.049966373	0.017900174	2.0031943	0.07172152	0.02235167	0.0004678407	214.42397	179.19136	2155.808	2219.2273	8.081404	7.9772954
2019-11-28 12:00:00	0.049628504	0.017821573	2.0039337	0.0717391	0.022249658	0.00046415228	214.43694	179.19241	2155.841	2219.227	8.08147	7.97729
2019-11-29 12:00:00	0.049285278	0.017735085	2.004681	0.07175715	0.02214162	0.00046046465	214.44933	179.19347	2155.8782	2219.2268	8.08155	7.977291
2019-11-30 12:00:00	0.048430137	0.017634638	2.005452	0.07177607	0.022022832	0.00045677891	214.46672	179.1945	2155.9492	2219.2266	8.081826	7.977291
2019-12-01 12:00:00	0.047461316	0.017533073	2.006233	0.071794994	0.021905866	0.00045309615	214.48926	179.19557	2156.044	2219.2258	8.082211	7.9772887
2019-12-02 12:00:00	0.046883315	0.017417341	2.0070176	0.07181467	0.021777702	0.0004494177	214.51154	179.19662	2156.1174	2219.2253	8.082497	7.9772844
2019-12-03 12:00:00	0.04644277	0.017283427	2.0078063	0.07183543	0.021633664	0.00044574484	214.53004	179.1977	2156.1616	2219.225	8.082634	7.9772844
2019-12-04 12:00:00	0.04602669	0.017160615	2.0085359	0.07185529	0.021498071	0.00044207892	214.53876	179.19876	2156.1208	2219.2244	8.082766	7.977287
2019-12-05 12:00:00	0.045609117	0.01705226	2.00929	0.07187442	0.021375876	0.00043842132	214.55821	179.19981	2156.154	2219.224	8.083022	7.9772854
2019-12-06 12:00:00	0.045161866	0.016928896	2.0100713	0.07189452	0.021240965	0.0004347732	214.58015	179.20087	2156.215	2219.2236	8.083166	7.9772854
2019-12-07 12:00:00	0.044749416	0.01681964	2.0108447	0.071913764	0.021118453	0.00043113553	214.60379	179.20195	2156.2844	2219.223	8.083355	7.977282
2019-12-08 12:00:00	0.04445807	0.016722413	2.0116043	0.07193221	0.021007968	0.00042750943	214.62831	179.20302	2156.343	2219.2227	8.083556	7.977282
2019-12-09 12:00:00	0.04428056	0.016653124	2.0123246	0.071948834	0.020921826	0.00042389575	214.64812	179.20407	2156.374	2219.222	8.083629	7.9772835
2019-12-10 12:00:00	0.043862645	0.01656103	2.0130823	0.07196692	0.02081709	0.00042029543	214.67564	179.20517	2156.4507	2219.2217	8.08388	7.977282
2019-12-11 12:00:00	0.04353294	0.01645843	2.0138488	0.07198561	0.020703493	0.0004167091	214.70325	179.20624	2156.526	2219.2217	8.084056	7.977284
2019-12-12 12:00:00	0.04339879	0.016385226	2.014567	0.07200238	0.020615382	0.00041313746	214.72298	179.20729	2156.5542	2219.221	8.084034	7.977286
2019-12-13 12:00:00	0.043366402	0.016309157	2.0152755	0.07201928	0.02052482	0.00040958085	214.73357	179.20837	2156.5505	2219.2202	8.083967	7.9772897
2019-12-14 12:00:00	0.043282855	0.016203508	2.0160174	0.072038084	0.020407826	0.0004060396	214.74431	179.20946	2156.557	2219.2202	8.083951	7.977294
2019-12-15 12:00:00	0.043076467	0.01609943	2.016767	0.07205689	0.020292059	0.00040251392	214.76033	179.21051	2156.5862	2219.2195	8.083943	7.9772973
2019-12-16 12:00:00	0.042864643	0.01598442	2.0175207	0.072076365	0.020165432	0.00039900412	214.7746	179.21158	2156.609	2219.2188	8.083894	7.9773016
2019-12-17 12:00:00	0.042697545	0.015895493	2.018245	0.07209425	0.020061202	0.0003955104	214.7882	179.21268	2156.613	2219.2185	8.083942	7.9773026
2019-12-18 12:00:00	0.042560983	0.015830366	2.0189612	0.072110675	0.019978989	0.00039203308	214.80447	179.21375	2156.6423	2219.2183	8.084007	7.9773064
2019-12-19 12:00:00	0.042429086	0.015751245	2.0196881	0.07212795	0.019885242	0.0003885729	214.82101	179.21483	2156.6758	2219.2175	8.084018	7.977313
2019-12-20 12:00:00	0.04229532	0.01567522	2.0203805	0.072144896	0.019793008	0.00038513093	214.82945	179.21591	2156.6548	2219.2175	8.08402	7.9773164
2019-12-21 12:00:00	0.041979425	0.0155680645	2.0211327	0.072163895	0.019674657	0.00038170876	214.84961	179.21698	2156.6907	2219.2168	8.084335	7.977316
2019-12-22 12:00:00	0.04172985	0.015464708	2.021904	0.0721827	0.019561421	0.00037830847	214.87794	179.21805	2156.7754	2219.216	8.084671	7.9773173
2019-12-23 12:00:00	0.041451182	0.015368543	2.022665	0.07220099	0.01945622	0.00037493228	214.90778	179.21918	2156.8547	2219.2153	8.084967	7.977318
2019-12-24 12:00:00	0.04126749	0.015280252	2.0234094	0.072218716	0.019359358	0.00037158205	214.93608	179.22026	2156.9114	2219.2156	8.085166	7.9773207
2019-12-25 12:00:00	0.04112032	0.015198437	2.024124	0.072235905	0.01926894	0.00036825932	214.95946	179.22134	2156.92	2219.2148	8.0852995	7.9773264
2019-12-26 12:00:00	0.041073646	0.015117813	2.0247111	0.07225243	0.01917847	0.00036496515	214.9628	179.22244	2156.6716	2219.214	8.085449	7.9773283
2019-12-27 12:00:00	0.040991068	0.015057617	2.0254176	0.07226833	0.019108174	0.0003616993	214.993	179.22353	2156.7224	2219.214	8.085581	7.9773254
2019-12-28 12:00:00	0.040718846	0.015015941	2.0261211	0.07228308	0.01905666	0.00035846088	215.02693	179.22461	2156.803	2219.2134	8.085822	7.977324
2019-12-29 12:00:00	0.040575214	0.014986897	2.0268025	0.07229692	0.019019917	0.00035524825	215.05965	179.2257	2156.8606	2219.213	8.08602	7.9773226
2019-12-30 12:00:00	0.040562686	0.014986726	2.0274453	0.07230881	0.01901269	0.00035205862	215.08966	179.22679	2156.8975	2219.2124	8.086128	7.9773235
2019-12-31 12:00:00	0.04049888	0.0149735315	2.0280962	0.07232145	0.018994896	0.00034888866	215.11803	179.22789	2156.928	2219.212	8.086192	7.9773235
