DATE	non-living_particulate_organic_carbon	trophic_efficiency	net_primary_production	pH	O2	large_over_all_phytoplankton	chl_in_5m	chl_max_in_10m_to_50m	depth_of_chl_max_in_10m_to_50m
2014-06-01 12:00:00	45.003517	0.21127082	-21.237247	8.091909	256.4755	0.9886917	0.28259543	0.7472263	-15.167409896850586
2014-06-02 12:00:00	44.633144	0.20774932	200.37949	8.091157	256.25143	0.9882829	0.28149858	0.82637745	-14.191522598266602
2014-06-03 12:00:00	43.617752	0.20566891	166.8714	8.089774	255.7711	0.98742145	0.27835986	0.87277275	-14.204093933105469
2014-06-04 12:00:00	41.972458	0.20563133	173.56393	8.088624	255.15335	0.98639435	0.27450806	0.96626145	-14.214386940002441
2014-06-05 12:00:00	39.71657	0.2037369	292.18445	8.088052	254.42453	0.9855451	0.2711103	1.1406035	-14.906034469604492
2014-06-06 12:00:00	37.1449	0.19872425	386.16672	8.087272	253.57861	0.9850642	0.26945686	1.4702944	-14.912995338439941
2014-06-07 12:00:00	34.444168	0.19844773	436.1957	8.08606	252.6292	0.98469883	0.2705662	1.7617419	-15.620372772216797
2014-06-08 12:00:00	31.914795	0.20147526	494.74924	8.084735	251.65944	0.98435295	0.27019086	2.0846047	-15.624117851257324
2014-06-09 12:00:00	29.969797	0.20302026	556.058	8.083625	250.82898	0.9840884	0.26964402	2.433334	-15.624509811401367
2014-06-10 12:00:00	29.82602	0.20585635	455.25452	8.082486	250.32726	0.98355794	0.263576	2.7617364	-16.33917236328125
2014-06-11 12:00:00	35.233124	0.20744602	494.9808	8.081613	250.45374	0.9827628	0.26719728	2.9687433	-16.326814651489258
2014-06-12 12:00:00	40.841194	0.21210857	350.9178	8.080325	251.4123	0.9817086	0.26760525	2.7203336	-16.307458877563477
2014-06-13 12:00:00	41.89887	0.22751074	296.93283	8.078655	252.73572	0.97998935	0.26023325	1.2094021	-16.284914016723633
2014-06-14 12:00:00	41.8285	0.24212483	336.19452	8.07688	253.40253	0.97792524	0.25346908	0.9510569	-15.544537544250488
2014-06-15 12:00:00	41.689186	0.2525989	309.0012	8.075247	253.5488	0.97568697	0.25171405	1.0595306	-14.832454681396484
2014-06-16 12:00:00	41.538624	0.2620799	277.88315	8.073631	253.51747	0.97326636	0.24553116	0.9414875	-14.838157653808594
2014-06-17 12:00:00	41.362747	0.26831552	271.35193	8.072099	253.26535	0.9709681	0.23533538	1.0134686	-14.172520637512207
2014-06-18 12:00:00	41.157394	0.2682836	360.76257	8.070741	252.94548	0.96905273	0.22691096	1.2053	-14.19841480255127
2014-06-19 12:00:00	40.8943	0.26679415	343.8339	8.0692625	252.62311	0.96747726	0.2194096	1.2969482	-13.560002326965332
2014-06-20 12:00:00	40.519554	0.26559633	414.1479	8.0676565	252.16977	0.9661712	0.20967497	1.6555775	-14.243993759155273
2014-06-21 12:00:00	39.9611	0.26357162	411.2293	8.066232	251.68602	0.9651886	0.20479453	2.017065	-14.255324363708496
2014-06-22 12:00:00	39.247097	0.2617876	410.6658	8.06486	251.14862	0.96426356	0.19705234	2.2565978	-14.939560890197754
2014-06-23 12:00:00	38.736546	0.25915074	447.4255	8.063342	250.62233	0.9635426	0.18879627	2.5906115	-14.931654930114746
2014-06-24 12:00:00	38.90054	0.25569147	436.26	8.061862	250.25096	0.9630991	0.17998335	2.638189	-14.915416717529297
2014-06-25 12:00:00	39.48922	0.25753972	391.3952	8.060345	250.10751	0.96230584	0.17180096	2.3194366	-15.59627914428711
2014-06-26 12:00:00	39.833076	0.26647952	313.22635	8.059103	250.1753	0.96071273	0.16994773	1.7440641	-14.872970581054688
2014-06-27 12:00:00	39.866898	0.28293103	160.54709	8.058277	250.24506	0.95750284	0.1704867	1.0624156	-14.857316017150879
2014-06-28 12:00:00	39.75194	0.29355624	214.94466	8.05727	250.04823	0.95351374	0.16903524	0.9103594	-14.850308418273926
2014-06-29 12:00:00	39.545525	0.29405874	220.36273	8.056137	249.80577	0.9496697	0.16805828	0.7976689	-14.851688385009766
2014-06-30 12:00:00	39.253788	0.2902622	239.62729	8.054685	249.4473	0.9457658	0.16685675	0.84403163	-14.858658790588379
2014-07-01 12:00:00	38.87596	0.2845379	240.18674	8.052988	249.02518	0.9422093	0.16485369	0.853641	-14.868010520935059
2014-07-02 12:00:00	38.375145	0.2796881	237.74619	8.051521	248.51797	0.9386326	0.16458724	0.8807698	-14.877806663513184
2014-07-03 12:00:00	37.653805	0.26985258	332.38153	8.049904	247.87231	0.9358926	0.16404943	1.1137025	-14.887605667114258
2014-07-04 12:00:00	36.54273	0.2611008	374.9902	8.048138	247.11438	0.9340955	0.16218735	1.3376408	-14.8975830078125
2014-07-05 12:00:00	34.85628	0.26300406	225.16853	8.046899	246.19113	0.9314077	0.16335009	1.4878954	-15.609530448913574
2014-07-06 12:00:00	32.785572	0.26989916	341.77655	8.04582	245.07986	0.92689824	0.1671678	1.4666216	-16.338655471801758
2014-07-07 12:00:00	30.541517	0.26542658	462.73038	8.044666	243.83575	0.92420244	0.16999057	1.6206595	-16.345932006835938
2014-07-08 12:00:00	28.411402	0.26423603	393.13538	8.043855	242.55501	0.9218423	0.17367263	1.7364597	-16.349483489990234
2014-07-09 12:00:00	27.030994	0.2649742	494.1981	8.042975	241.42386	0.91915673	0.17616285	1.8123795	-17.083959579467773
2014-07-10 12:00:00	28.848804	0.2587806	568.6004	8.042432	240.63141	0.917203	0.1937621	1.993453	-17.072986602783203
2014-07-11 12:00:00	34.39924	0.2547482	461.06454	8.041633	240.28206	0.9131462	0.21301782	2.1460896	-17.053613662719727
2014-07-12 12:00:00	36.58007	0.2530959	408.55225	8.040419	240.30937	0.90842444	0.22061017	2.2172425	-17.029455184936523
2014-07-13 12:00:00	36.656044	0.25911647	197.50409	8.039211	240.82477	0.9022759	0.22364864	2.04629	-17.007522583007812
2014-07-14 12:00:00	36.448147	0.26780605	219.6609	8.037922	241.74176	0.89533913	0.22496457	1.2801472	-16.995460510253906
2014-07-15 12:00:00	36.143528	0.27215236	164.85133	8.036838	242.6812	0.8892875	0.22631103	0.7907776	-16.258655548095703
2014-07-16 12:00:00	35.791233	0.27298865	196.4187	8.035325	243.07285	0.88329715	0.22609578	0.7269837	-15.55354118347168
2014-07-17 12:00:00	35.404873	0.2704984	172.73085	8.033661	243.09975	0.87787724	0.22419262	0.66126734	-15.578099250793457
2014-07-18 12:00:00	34.96915	0.26606134	205.59096	8.031943	242.81409	0.8731375	0.22196336	0.7051249	-15.603204727172852
2014-07-19 12:00:00	34.44694	0.26296994	165.831	8.030675	242.34805	0.86756504	0.22101182	0.72307205	-15.622964859008789
2014-07-20 12:00:00	33.703472	0.26092926	165.52776	8.029305	241.71541	0.8598061	0.21843688	0.7215769	-15.634526252746582
2014-07-21 12:00:00	32.503822	0.25507113	218.88809	8.028064	240.95284	0.85263544	0.21604641	0.81610495	-16.35683250427246
2014-07-22 12:00:00	30.921741	0.24691139	279.92975	8.026977	240.12842	0.8473544	0.21408711	0.99757826	-16.351648330688477
2014-07-23 12:00:00	29.457956	0.23912248	321.23495	8.025787	239.33022	0.8445413	0.21154188	1.1876346	-17.077077865600586
2014-07-24 12:00:00	28.904543	0.23422983	364.52094	8.024614	238.65549	0.8434227	0.20926246	1.4014852	-17.061138153076172
2014-07-25 12:00:00	29.915092	0.23699893	252.99344	8.023651	238.15694	0.840888	0.20699842	1.476858	-17.044418334960938
2014-07-26 12:00:00	31.09035	0.23975621	326.01086	8.022635	237.76653	0.8376964	0.20502917	1.4313923	-17.030635833740234
2014-07-27 12:00:00	31.40007	0.24159145	272.55054	8.021575	237.48784	0.8349106	0.2035563	1.3046588	-16.283599853515625
2014-07-28 12:00:00	31.248077	0.24573933	228.87425	8.0208235	237.21739	0.8311096	0.20196949	1.1767945	-16.28058624267578
2014-07-29 12:00:00	30.976034	0.25019333	217.32301	8.02065	236.92218	0.82694507	0.19944254	1.1098953	-16.281814575195312
2014-07-30 12:00:00	30.666061	0.25169	213.12279	8.020271	236.61873	0.82313454	0.19745655	0.95612806	-16.285791397094727
2014-07-31 12:00:00	30.32528	0.2529434	207.12071	8.019649	236.2469	0.81917703	0.1960973	0.925567	-16.291954040527344
2014-08-01 12:00:00	29.948439	0.25402632	181.6255	8.019028	235.83969	0.81498057	0.19481786	0.9045833	-16.300485610961914
2014-08-02 12:00:00	29.497324	0.25573635	146.20776	8.018389	235.35419	0.8100053	0.19381294	0.81973237	-16.311376571655273
2014-08-03 12:00:00	28.86861	0.25555676	198.74864	8.018242	234.77489	0.8049126	0.19392262	0.83626753	-16.32379150390625
2014-08-04 12:00:00	27.873642	0.2510999	219.6773	8.018049	234.15196	0.8011124	0.19587418	0.8824703	-16.336172103881836
2014-08-05 12:00:00	26.429552	0.24858457	221.86368	8.017556	233.44704	0.7972556	0.19564219	0.9798997	-17.083810806274414
2014-08-06 12:00:00	24.82081	0.24884488	199.18187	8.017267	232.67288	0.79310507	0.19679572	1.0346165	-17.843828201293945
2014-08-07 12:00:00	23.380617	0.24967799	227.48608	8.016691	231.9209	0.78893816	0.19756788	1.0958102	-17.84343910217285
2014-08-08 12:00:00	23.097038	0.24647123	271.49426	8.016048	231.33995	0.7868231	0.19623686	1.1571455	-18.604406356811523
2014-08-09 12:00:00	25.810665	0.24627405	170.3349	8.015386	231.07198	0.7837276	0.19488811	1.0677439	-17.816192626953125
2014-08-10 12:00:00	27.29207	0.24676464	148.4064	8.015289	231.05753	0.7784722	0.1943009	0.80015385	-17.036943435668945
2014-08-11 12:00:00	27.153763	0.24431556	175.64922	8.015546	231.1981	0.7699918	0.24134916	0.597223	-17.01287841796875
2014-08-12 12:00:00	26.81817	0.23517425	216.70448	8.0158	231.25392	0.74583733	0.33185202	0.52617687	-16.258438110351562
2014-08-13 12:00:00	26.45796	0.22411388	253.22374	8.016123	231.05667	0.70903486	0.41245136	0.49280903	-17.75238037109375
2014-08-14 12:00:00	26.089838	0.21191159	310.53387	8.0162115	230.61736	0.6676368	0.510907	0.50906485	-9.921365737915039
2014-08-15 12:00:00	25.723999	0.20358884	288.48193	8.016235	230.16461	0.6279377	0.613691	0.6116547	-9.947880744934082
2014-08-16 12:00:00	25.355677	0.20138212	292.9642	8.016429	229.67029	0.592409	0.7029184	0.70161146	-9.976263046264648
2014-08-17 12:00:00	24.951717	0.20833443	184.61404	8.016307	229.12053	0.570595	0.74526095	0.74587816	-12.922886848449707
2014-08-18 12:00:00	24.370848	0.21946184	259.3598	8.016288	228.50932	0.5522573	0.7627959	0.7610592	-10.013273239135742
2014-08-19 12:00:00	23.329073	0.22670177	338.6706	8.016552	227.8295	0.5246115	0.81674343	0.8149689	-10.018149375915527
2014-08-20 12:00:00	21.944473	0.23790655	297.69843	8.016671	227.07921	0.50264364	0.85276234	0.85196006	-10.015032768249512
2014-08-21 12:00:00	20.565424	0.25347325	253.80957	8.016543	226.28854	0.49329224	0.8403023	0.84103024	-14.236848831176758
2014-08-22 12:00:00	19.487547	0.26841077	190.69453	8.016257	225.55736	0.49445164	0.7961023	0.79690677	-14.224311828613281
2014-08-23 12:00:00	19.278032	0.27185687	317.9056	8.015908	224.95299	0.49079517	0.77941513	0.7779856	-9.975678443908691
2014-08-24 12:00:00	21.140385	0.27057472	268.51184	8.015539	224.50642	0.4830581	0.7837012	0.783539	-9.961042404174805
2014-08-25 12:00:00	22.980995	0.2763814	132.3963	8.014997	224.13216	0.48392874	0.74935603	0.7494324	-9.949475288391113
2014-08-26 12:00:00	23.507086	0.28067118	172.6751	8.014485	223.71121	0.48398942	0.7081369	0.7031985	-9.941415786743164
2014-08-27 12:00:00	23.454802	0.27428788	240.86134	8.013671	223.25333	0.4736782	0.71605855	0.70763254	-9.936500549316406
2014-08-28 12:00:00	23.285912	0.27077764	167.92372	8.0128	222.78339	0.46344206	0.7186173	0.7140991	-9.934834480285645
2014-08-29 12:00:00	23.085772	0.2659068	281.06522	8.011942	222.32639	0.45204788	0.725291	0.72247434	-9.937506675720215
2014-08-30 12:00:00	22.864443	0.2597068	267.92548	8.011313	221.89508	0.43730938	0.7535162	0.7492623	-9.9457426071167
2014-08-31 12:00:00	22.629023	0.2572301	309.2522	8.010818	221.42749	0.42508027	0.7800494	0.77302337	-9.959516525268555
2014-09-01 12:00:00	22.352848	0.25494134	362.3009	8.010472	220.90912	0.4136223	0.8450835	0.82692784	-9.976971626281738
2014-09-02 12:00:00	21.95254	0.2646511	189.35695	8.010048	220.34727	0.40824223	0.88221294	0.84195507	-9.995079040527344
2014-09-03 12:00:00	21.22633	0.27744016	190.94614	8.009617	219.70569	0.40521282	0.8388826	0.8312828	-10.010716438293457
2014-09-04 12:00:00	20.187845	0.28600842	165.85318	8.008693	218.99567	0.4035084	0.7836748	0.7813928	-10.021038055419922
2014-09-05 12:00:00	19.118908	0.28943333	145.63841	8.007505	218.26157	0.40684593	0.71835476	0.72758263	-13.589173316955566
2014-09-06 12:00:00	18.764116	0.28907153	107.43431	8.006284	217.60667	0.41366416	0.65663296	0.69062793	-13.581295013427734
2014-09-07 12:00:00	20.437204	0.28477895	111.61994	8.004915	217.1167	0.42133167	0.60242945	0.6613758	-14.226768493652344
2014-09-08 12:00:00	21.333685	0.27686808	106.73589	8.003719	216.74641	0.42918628	0.5586144	0.6489945	-14.200784683227539
2014-09-09 12:00:00	21.166597	0.26750234	112.47927	8.002616	216.52332	0.43733302	0.5239159	0.6472132	-14.857909202575684
2014-09-10 12:00:00	20.872215	0.25769538	110.3626	8.001387	216.46631	0.44608438	0.49455747	0.65338045	-14.838835716247559
2014-09-11 12:00:00	20.545036	0.2479525	108.711914	8.000477	216.53767	0.4548028	0.4733445	0.63736665	-14.148983001708984
2014-09-12 12:00:00	20.195478	0.23837009	109.67832	7.9998145	216.66695	0.46065056	0.47420445	0.6027242	-14.1588716506958
2014-09-13 12:00:00	19.830564	0.22768176	142.63177	7.999071	216.723	0.45927194	0.48816395	0.50980455	-14.179309844970703
2014-09-14 12:00:00	19.448936	0.21939947	127.448235	7.9982004	216.58723	0.45242825	0.50721717	0.511318	-12.893322944641113
2014-09-15 12:00:00	19.022009	0.21041904	221.42084	7.997628	216.26463	0.43838245	0.5502692	0.5472275	-9.989534378051758
2014-09-16 12:00:00	18.410145	0.20169163	243.6715	7.9972925	215.80785	0.41956156	0.6274032	0.6184586	-10.004060745239258
2014-09-17 12:00:00	17.389425	0.197801	318.60556	7.996785	215.23198	0.40244558	0.7175407	0.70807725	-10.010663032531738
2014-09-18 12:00:00	16.116804	0.20015468	327.2066	7.996021	214.5706	0.38935575	0.78350365	0.77692753	-10.010712623596191
2014-09-19 12:00:00	14.858445	0.2099507	307.08365	7.9954343	213.85431	0.3842203	0.8366096	0.8213018	-10.005722045898438
2014-09-20 12:00:00	13.845132	0.22175527	380.53198	7.9947777	213.18256	0.38650492	0.93066484	0.88881636	-9.997040748596191
2014-09-21 12:00:00	13.268213	0.23739569	351.94525	7.9941263	212.62863	0.39474016	1.0352744	0.9175569	-9.98610782623291
2014-09-22 12:00:00	13.955187	0.25271386	402.62088	7.9936237	212.19194	0.4055611	1.0665067	0.9749278	-9.97433090209961
2014-09-23 12:00:00	16.15393	0.26555973	374.00897	7.9931765	211.85773	0.41431162	1.0332048	1.017852	-9.9625883102417
2014-09-24 12:00:00	17.461823	0.2824875	226.52138	7.9923425	211.56282	0.42103872	0.9702533	0.9625255	-9.951170921325684
2014-09-25 12:00:00	17.772701	0.2920563	248.54033	7.991751	211.29483	0.4271255	0.87780946	0.8766713	-9.940594673156738
2014-09-26 12:00:00	17.81993	0.2889363	273.42026	7.9913425	211.06546	0.43165872	0.83590114	0.83239317	-9.93257999420166
2014-09-27 12:00:00	17.790476	0.2862324	225.58823	7.9905624	210.88586	0.43698943	0.80722094	0.7991147	-9.92998218536377
2014-09-28 12:00:00	17.709133	0.28268546	198.04034	7.989666	210.7105	0.44011933	0.77789307	0.7772006	-9.935295104980469
2014-09-29 12:00:00	17.57418	0.2817848	135.63367	7.9887686	210.5183	0.44310448	0.7227636	0.7403266	-9.948823928833008
2014-09-30 12:00:00	17.377016	0.28038624	105.7028	7.987817	210.25684	0.44766578	0.6577223	0.694708	-12.268839836120605
2014-10-01 12:00:00	17.069157	0.27527392	107.92807	7.987015	209.88748	0.45272133	0.6076681	0.67207146	-13.557974815368652
2014-10-02 12:00:00	16.530056	0.26757988	115.15355	7.986147	209.40611	0.45524636	0.58426344	0.6377963	-14.238532066345215
2014-10-03 12:00:00	15.712696	0.26119804	95.84357	7.9853806	208.83325	0.45583504	0.5546577	0.6084766	-14.250018119812012
2014-10-04 12:00:00	14.828376	0.254797	103.00114	7.984855	208.2189	0.45602182	0.5371414	0.57522506	-14.254280090332031
2014-10-05 12:00:00	14.504081	0.2418049	214.9498	7.9851613	207.67476	0.4580745	0.5571903	0.55473095	-10.019351959228516
2014-10-06 12:00:00	15.317245	0.22671866	233.0823	7.9859405	207.27454	0.46576214	0.6055616	0.599107	-10.002238273620605
2014-10-07 12:00:00	15.585582	0.21746321	240.97638	7.987955	208.021	0.47909126	0.5674585	0.5604036	-9.975652694702148
2014-10-08 12:00:00	15.345281	0.20760383	253.11859	7.9897933	210.84126	0.4967873	0.5338668	0.5293068	-9.945901870727539
2014-10-09 12:00:00	15.068922	0.2015157	182.63489	7.991486	222.16011	0.5138231	0.43880746	0.43534347	-9.921979904174805
2014-10-10 12:00:00	14.789137	0.19816025	187.48213	7.9932046	225.13535	0.52965665	0.44211605	0.4398214	-9.911569595336914
2014-10-11 12:00:00	14.526002	0.19552453	216.77383	7.9942956	226.92226	0.54602075	0.46867594	0.46367785	-9.917163848876953
2014-10-12 12:00:00	14.280828	0.19399303	219.76277	7.99483	228.65604	0.56262434	0.487969	0.48276603	-9.935056686401367
2014-10-13 12:00:00	14.048334	0.19675028	143.38664	7.9954	230.43803	0.57625014	0.47522208	0.47229418	-9.95786190032959
2014-10-14 12:00:00	13.783685	0.20669432	46.111008	7.997368	231.70848	0.58233386	0.45829195	0.45718592	-9.978571891784668
2014-10-15 12:00:00	13.448914	0.2100045	221.1548	7.998233	232.72992	0.5911703	0.50340086	0.47909012	-9.993364334106445
2014-10-16 12:00:00	12.913978	0.21144111	147.87329	7.998784	233.44653	0.6010582	0.49447414	0.48457396	-10.001752853393555
2014-10-17 12:00:00	12.245106	0.21271479	198.81456	7.9994745	233.4667	0.6101159	0.51202554	0.5028303	-10.004961013793945
2014-10-18 12:00:00	11.51737	0.21288098	201.67795	8.000066	233.52762	0.6208433	0.5173691	0.5114138	-10.004311561584473
2014-10-19 12:00:00	10.876074	0.21632546	138.54922	8.00069	235.18768	0.62896645	0.48614618	0.48162487	-10.00066089630127
2014-10-20 12:00:00	10.420726	0.21628837	234.9101	8.001196	237.13074	0.6382122	0.4823528	0.47792533	-9.994528770446777
2014-10-21 12:00:00	10.325946	0.21361883	212.33287	8.002115	238.71736	0.6502378	0.48132843	0.4771371	-9.986152648925781
2014-10-22 12:00:00	11.4890995	0.21284382	212.96216	8.003792	239.82806	0.6619153	0.47800958	0.47600058	-9.975382804870605
2014-10-23 12:00:00	12.479517	0.21389787	175.5636	8.005652	240.69077	0.6728654	0.48597315	0.48241693	-9.962042808532715
2014-10-24 12:00:00	12.624821	0.21956235	104.00662	8.006622	241.42128	0.68059325	0.4760713	0.4734822	-9.947001457214355
2014-10-25 12:00:00	12.561253	0.22449562	125.454575	8.00716	241.97287	0.68769556	0.47724324	0.47017118	-9.933125495910645
2014-10-26 12:00:00	12.475078	0.22452787	181.85927	8.008022	242.6608	0.69712883	0.47080925	0.46682015	-9.924863815307617
2014-10-27 12:00:00	12.386802	0.22292803	173.04102	8.008916	243.31822	0.7074158	0.4736997	0.46974176	-9.92617416381836
2014-10-28 12:00:00	12.299623	0.22073115	209.14624	8.009661	243.8477	0.71808386	0.4960104	0.48832405	-9.938128471374512
2014-10-29 12:00:00	12.212497	0.21840541	208.58275	8.010253	244.39508	0.7290314	0.50921494	0.5014201	-9.958061218261719
2014-10-30 12:00:00	12.110145	0.22269996	95.42386	8.010515	244.62917	0.73603916	0.50309825	0.48460242	-9.980945587158203
2014-10-31 12:00:00	11.963561	0.22609924	169.6303	8.010776	245.08707	0.7422046	0.49987447	0.48588267	-10.001781463623047
2014-11-01 12:00:00	11.727084	0.22396258	215.90962	8.011003	245.11858	0.7508565	0.5072911	0.5000872	-10.017044067382812
2014-11-02 12:00:00	11.495561	0.22226614	194.72028	8.011663	246.01054	0.7592686	0.480296	0.47659197	-10.02445125579834
2014-11-03 12:00:00	11.5212145	0.2234765	159.51724	8.012916	246.45409	0.7661457	0.4772093	0.47369152	-10.022120475769043
2014-11-04 12:00:00	11.788507	0.22324312	188.83202	8.014648	246.9548	0.773594	0.47360736	0.47098646	-10.008842468261719
2014-11-05 12:00:00	11.890635	0.2219314	194.88757	8.016334	247.44264	0.781613	0.47702345	0.4742982	-9.985733985900879
2014-11-06 12:00:00	11.88212	0.22017889	205.6965	8.017807	247.93973	0.7900219	0.488865	0.48438817	-9.9577054977417
2014-11-07 12:00:00	11.855094	0.22616217	36.32207	8.018702	248.37543	0.7946934	0.46728042	0.46668467	-9.932682991027832
2014-11-08 12:00:00	11.809708	0.22885944	184.10277	8.020178	248.66464	0.7995109	0.46241152	0.46003747	-9.918319702148438
2014-11-09 12:00:00	11.773381	0.22906014	105.90115	8.021698	249.10666	0.8052836	0.45610172	0.4542938	-9.918207168579102
2014-11-10 12:00:00	11.737288	0.2274764	179.4761	8.022711	249.52841	0.81135404	0.45938706	0.45585644	-9.930312156677246
2014-11-11 12:00:00	11.6963005	0.2261448	124.281746	8.023765	250.00262	0.8172159	0.4536364	0.45186007	-9.94870376586914
2014-11-12 12:00:00	11.619638	0.23041828	57.951946	8.024939	250.26064	0.8201397	0.43970606	0.43815613	-9.96711540222168
2014-11-13 12:00:00	11.464843	0.23068327	159.54063	8.026023	250.59648	0.82356226	0.43447927	0.43175727	-9.981738090515137
2014-11-14 12:00:00	11.175929	0.23040043	96.19266	8.027016	251.0242	0.8266223	0.42293298	0.42143375	-9.991727828979492
2014-11-15 12:00:00	10.794321	0.2292192	152.41531	8.027961	251.37094	0.82911944	0.41961354	0.41686258	-9.997899055480957
2014-11-16 12:00:00	10.381748	0.22791944	123.5422	8.028855	251.72614	0.8312854	0.4164897	0.41281816	-10.001225471496582
2014-11-17 12:00:00	9.97272	0.22668435	134.67535	8.029549	252.05074	0.8332022	0.41503316	0.40918612	-10.002161979675293
2014-11-18 12:00:00	9.637572	0.22787009	63.845135	8.030381	252.49567	0.8341089	0.38898885	0.38764247	-10.000630378723145
2014-11-19 12:00:00	9.407234	0.2272043	103.91829	8.031531	252.85254	0.83554506	0.3795461	0.3777213	-9.9960355758667
2014-11-20 12:00:00	9.7405	0.22549264	56.05344	8.032498	253.21338	0.8376641	0.369963	0.3689303	-9.98731803894043
2014-11-21 12:00:00	10.830058	0.22188824	114.466644	8.032962	253.54788	0.8405147	0.36717302	0.3652	-9.97359561920166
2014-11-22 12:00:00	11.469191	0.2185346	48.945927	8.033805	253.91534	0.8435643	0.3603403	0.3594125	-9.955560684204102
2014-11-23 12:00:00	11.499142	0.21453246	112.03925	8.034316	254.1349	0.8468919	0.37237749	0.35892323	-9.936656951904297
2014-11-24 12:00:00	11.428423	0.20866986	98.57145	8.035125	254.54158	0.8512407	0.359232	0.35762057	-9.922605514526367
2014-11-25 12:00:00	11.350028	0.20167325	141.7897	8.036575	254.96759	0.8561791	0.36530292	0.36369115	-9.918928146362305
2014-11-26 12:00:00	11.272566	0.19920273	45.942513	8.038194	255.38385	0.8596926	0.36197293	0.36132792	-9.927913665771484
2014-11-27 12:00:00	11.192006	0.19978058	70.90801	8.039258	255.71896	0.86185616	0.35645	0.35514122	-9.947256088256836
2014-11-28 12:00:00	11.105517	0.19719312	103.74327	8.040067	256.08707	0.8650202	0.35617086	0.3544432	-9.971399307250977
2014-11-29 12:00:00	11.008311	0.19374287	97.29921	8.040965	256.47873	0.86850655	0.3572116	0.35571176	-9.994412422180176
2014-11-30 12:00:00	10.879811	0.19005792	126.56748	8.041618	256.76733	0.8720846	0.3771747	0.3679678	-10.012125015258789
2014-12-01 12:00:00	10.7360325	0.18740498	97.423004	8.0422735	257.154	0.87538606	0.36727607	0.36352524	-10.022233009338379
2014-12-02 12:00:00	10.659266	0.18737563	74.00485	8.043287	257.51172	0.8777132	0.35858843	0.35700324	-10.023212432861328
2014-12-03 12:00:00	10.70004	0.18654372	102.03207	8.044491	257.86343	0.8802497	0.35636407	0.3549973	-10.013928413391113
2014-12-04 12:00:00	10.752717	0.18297517	125.08401	8.046814	258.30588	0.88383263	0.3608451	0.35938126	-9.99481201171875
2014-12-05 12:00:00	10.7365	0.18170765	68.957275	8.048739	258.74518	0.88680106	0.36026648	0.35934615	-9.969437599182129
2014-12-06 12:00:00	10.696461	0.1814737	98.47869	8.050271	259.15396	0.8893605	0.35962522	0.35818985	-9.944456100463867
2014-12-07 12:00:00	10.65087	0.17901132	110.34033	8.051825	259.60742	0.89267594	0.36341146	0.36202717	-9.927090644836426
2014-12-08 12:00:00	10.603984	0.17901282	63.823605	8.052828	260.02515	0.89519453	0.36076275	0.35979626	-9.921672821044922
2014-12-09 12:00:00	10.557743	0.17783207	120.591644	8.0544615	260.4777	0.8979492	0.36265668	0.3611943	-9.927727699279785
2014-12-10 12:00:00	10.509937	0.17873958	35.000084	8.055829	260.9249	0.8999906	0.35786667	0.35729304	-9.940964698791504
2014-12-11 12:00:00	10.4492235	0.18033694	90.00031	8.056871	261.3174	0.90151656	0.3534835	0.3522574	-9.95619010925293
2014-12-12 12:00:00	10.367549	0.18028104	69.53898	8.058505	261.7946	0.90341264	0.35031036	0.34933862	-9.969897270202637
2014-12-13 12:00:00	10.204968	0.18137792	67.785034	8.059794	262.20154	0.9047172	0.34504372	0.34396458	-9.98095989227295
2014-12-14 12:00:00	9.918843	0.18077308	112.03261	8.061065	262.67087	0.9061256	0.3437753	0.34210476	-9.989688873291016
2014-12-15 12:00:00	9.59341	0.18211682	45.957993	8.062314	263.13834	0.90672785	0.33564356	0.33483806	-9.996576309204102
2014-12-16 12:00:00	9.261966	0.18768091	19.042614	8.063124	263.50153	0.9057018	0.31982982	0.3194382	-10.001683235168457
2014-12-17 12:00:00	8.942473	0.19012521	72.3952	8.063881	263.84653	0.90521526	0.3125461	0.31046835	-10.004524230957031
2014-12-18 12:00:00	8.674735	0.19157346	21.855114	8.064302	264.21756	0.9050203	0.2989724	0.298574	-10.003960609436035
2014-12-19 12:00:00	8.570018	0.19345042	30.14543	8.0644455	264.53052	0.9046927	0.28804103	0.28755745	-9.998188018798828
2014-12-20 12:00:00	9.303889	0.19097793	66.043365	8.064939	264.86453	0.90573746	0.28447193	0.2834122	-9.985494613647461
2014-12-21 12:00:00	10.165901	0.18547893	71.57771	8.066019	265.26965	0.9078672	0.28567383	0.2844395	-9.965973854064941
2014-12-22 12:00:00	10.381504	0.18135911	49.703594	8.06673	265.6534	0.9097838	0.2844737	0.2836947	-9.943094253540039
2014-12-23 12:00:00	10.354075	0.1784123	56.500225	8.066906	265.97842	0.91143894	0.28311175	0.28225544	-9.923446655273438
2014-12-24 12:00:00	10.300878	0.17423736	69.99792	8.067113	266.31326	0.91353583	0.28445426	0.28335276	-9.914079666137695
2014-12-25 12:00:00	10.242465	0.17000093	66.91954	8.067522	266.6446	0.9157572	0.2857882	0.28465158	-9.918854713439941
2014-12-26 12:00:00	10.184774	0.16518305	88.59226	8.068485	267.00677	0.91821915	0.29031703	0.28888023	-9.936371803283691
2014-12-27 12:00:00	10.12248	0.1645169	7.0468445	8.069351	267.2928	0.9195199	0.2857345	0.28548655	-9.960970878601074
2014-12-28 12:00:00	10.058351	0.16362464	82.282074	8.070479	267.60358	0.92074287	0.28406328	0.2830117	-9.985885620117188
2014-12-29 12:00:00	9.987304	0.15864299	95.68062	8.0722	268.04626	0.9231564	0.28959674	0.28838277	-10.00606918334961
2014-12-30 12:00:00	9.892728	0.1539115	99.52695	8.073371	268.47842	0.925566	0.29798666	0.29597446	-10.01887321472168
2014-12-31 12:00:00	9.784047	0.15017639	97.29641	8.074183	268.92285	0.92776906	0.30197194	0.3004362	-10.02297592163086
2015-01-01 12:00:00	9.717763	0.14858043	68.11153	8.074808	269.33066	0.92945135	0.3033719	0.3021593	-10.017467498779297
2015-01-02 12:00:00	9.742977	0.14929831	45.002792	8.074751	269.6529	0.9305119	0.30004427	0.29932025	-10.002421379089355
2015-01-03 12:00:00	9.808716	0.14838548	92.45771	8.074676	269.93182	0.93198854	0.30288225	0.30089343	-9.980339050292969
2015-01-04 12:00:00	9.826961	0.14817068	35.38513	8.074974	270.20486	0.93333167	0.29991603	0.29935926	-9.956557273864746
2015-01-05 12:00:00	9.813077	0.14916895	54.3417	8.075156	270.4608	0.93430406	0.29671782	0.2957953	-9.937512397766113
2015-01-06 12:00:00	9.78451	0.1485947	66.38295	8.075368	270.7197	0.93566006	0.29732975	0.29603833	-9.927774429321289
2015-01-07 12:00:00	9.750801	0.1456886	107.15939	8.075659	271.01282	0.9375892	0.30274865	0.30110037	-9.92806625366211
2015-01-08 12:00:00	9.716318	0.14497744	31.832855	8.076322	271.3174	0.9390078	0.3011536	0.30077344	-9.935686111450195
2015-01-09 12:00:00	9.6617365	0.14477564	98.87875	8.076791	271.4459	0.9402057	0.30494004	0.30381042	-9.94677448272705
2015-01-10 12:00:00	9.607535	0.14316297	63.596306	8.076909	271.72522	0.9417628	0.30557343	0.3046445	-9.958504676818848
2015-01-11 12:00:00	9.539495	0.14365634	69.407715	8.076718	271.95328	0.942763	0.3036621	0.3027394	-9.969764709472656
2015-01-12 12:00:00	9.411134	0.14252692	94.57633	8.077862	272.2413	0.9440677	0.30675244	0.30546868	-9.980447769165039
2015-01-13 12:00:00	9.210688	0.14437832	22.2741	8.078391	272.4844	0.944611	0.30105284	0.30073786	-9.990495681762695
2015-01-14 12:00:00	8.921406	0.14603807	102.039055	8.079096	272.64542	0.9449401	0.2982684	0.2971406	-9.999479293823242
2015-01-15 12:00:00	8.655102	0.14480014	81.68824	8.080698	272.98135	0.94589317	0.29946414	0.29827493	-10.00653076171875
2015-01-16 12:00:00	8.414356	0.14352585	111.94797	8.081774	273.25674	0.9468679	0.30115348	0.30001011	-10.01012134552002
2015-01-17 12:00:00	8.216902	0.14059485	115.9005	8.083067	273.62628	0.94828486	0.30872077	0.30693403	-10.007879257202148
2015-01-18 12:00:00	8.406381	0.13796894	104.48764	8.084351	274.00903	0.9498166	0.31500518	0.31307027	-9.997293472290039
2015-01-19 12:00:00	9.242953	0.13481419	134.99171	8.085451	274.39926	0.95160306	0.32351878	0.32187536	-9.97762680053711
2015-01-20 12:00:00	9.6963	0.13094087	138.48479	8.086899	274.79367	0.95367956	0.34462187	0.3364713	-9.951932907104492
2015-01-21 12:00:00	9.744376	0.1311715	53.28283	8.087973	275.134	0.9550306	0.33843282	0.33753315	-9.927242279052734
2015-01-22 12:00:00	9.742725	0.13128687	128.05531	8.088932	275.42606	0.9563788	0.34451544	0.3426986	-9.911942481994629
2015-01-23 12:00:00	9.740457	0.13092592	81.15033	8.089828	275.77377	0.9578661	0.3494298	0.34828565	-9.911633491516113
2015-01-24 12:00:00	9.738513	0.13113794	123.23398	8.090411	276.07108	0.95922464	0.3568991	0.3548609	-9.926250457763672
2015-01-25 12:00:00	9.738468	0.12981635	140.33116	8.09091	276.40344	0.9608748	0.36784095	0.36565158	-9.950458526611328
2015-01-26 12:00:00	9.741894	0.12965405	117.66077	8.091415	276.7173	0.9623487	0.37829265	0.37601802	-9.976839065551758
2015-01-27 12:00:00	9.738918	0.13051333	131.97858	8.09142	277.00784	0.96362585	0.38325518	0.3814879	-9.999333381652832
2015-01-28 12:00:00	9.705867	0.13109118	147.59341	8.091712	277.28015	0.9649185	0.3968957	0.39372048	-10.014657974243164
2015-01-29 12:00:00	9.617396	0.1330653	128.30807	8.091912	277.58884	0.96596247	0.39677492	0.3952892	-10.02150821685791
2015-01-30 12:00:00	9.5002985	0.1360935	117.11323	8.092845	277.86758	0.96679956	0.39879924	0.3972583	-10.019301414489746
2015-01-31 12:00:00	9.4713955	0.13707158	181.69098	8.094111	278.1994	0.9678979	0.40861803	0.4063724	-10.008110046386719
2015-02-01 12:00:00	9.625187	0.13702594	175.53865	8.09537	278.61447	0.96918404	0.42022207	0.4182711	-9.989724159240723
2015-02-02 12:00:00	9.947553	0.1366414	212.52498	8.096914	279.0755	0.9705696	0.4368605	0.43454483	-9.968262672424316
2015-02-03 12:00:00	10.133686	0.13771138	165.14357	8.098091	279.51718	0.971854	0.4534339	0.44960436	-9.949078559875488
2015-02-04 12:00:00	10.250688	0.13927886	224.03313	8.0992565	279.98535	0.9730938	0.46443227	0.46204802	-9.936427116394043
2015-02-05 12:00:00	10.349567	0.14024062	229.80983	8.10079	280.50348	0.97443193	0.4835539	0.48082444	-9.931690216064453
2015-02-06 12:00:00	10.449808	0.14222689	233.71117	8.102137	281.02173	0.9757031	0.50296587	0.49990436	-9.933516502380371
2015-02-07 12:00:00	10.562716	0.14622341	206.23338	8.103577	281.55267	0.9768012	0.5140417	0.5115767	-9.939530372619629
2015-02-08 12:00:00	10.68321	0.15045261	244.94322	8.105127	282.08646	0.9778502	0.52828294	0.5256041	-9.948013305664062
2015-02-09 12:00:00	10.803373	0.15349928	301.81528	8.106046	282.55786	0.97898257	0.56786245	0.55812716	-9.958325386047363
2015-02-10 12:00:00	10.916516	0.15676758	306.2387	8.106782	283.06934	0.9801274	0.60953075	0.5838193	-9.970207214355469
2015-02-11 12:00:00	10.984384	0.16474997	178.09119	8.107456	283.60272	0.9809347	0.57835907	0.5741665	-9.983046531677246
2015-02-12 12:00:00	10.946742	0.17545216	196.82199	8.107894	283.8688	0.9814291	0.5898752	0.5776553	-9.995757102966309
2015-02-13 12:00:00	10.807048	0.18420072	210.9537	8.108312	284.21942	0.9819014	0.5712643	0.5652438	-10.00693416595459
2015-02-14 12:00:00	10.655751	0.1913271	226.58383	8.108645	284.51678	0.98233074	0.5604384	0.556736	-10.014663696289062
2015-02-15 12:00:00	10.540133	0.19457932	263.86884	8.109102	284.76263	0.9829037	0.58527774	0.5746491	-10.0161714553833
2015-02-16 12:00:00	10.734964	0.19628052	254.00189	8.109644	285.09882	0.98358315	0.602874	0.57919574	-10.008318901062012
2015-02-17 12:00:00	12.037831	0.19761765	263.99338	8.110009	285.38248	0.98429924	0.5836057	0.5770435	-9.989540100097656
2015-02-18 12:00:00	13.029824	0.19528367	352.33475	8.11079	285.77173	0.9851868	0.62119013	0.5934573	-9.962225914001465
2015-02-19 12:00:00	13.343506	0.19515425	283.8372	8.111342	286.16956	0.98603296	0.61647487	0.60750145	-9.933432579040527
2015-02-20 12:00:00	13.577816	0.2041614	78.23363	8.11149	286.33157	0.98648745	0.5904037	0.588074	-9.912535667419434
2015-02-21 12:00:00	13.799019	0.20882373	297.43845	8.111784	286.35965	0.9869718	0.6016807	0.5880383	-9.906792640686035
2015-02-22 12:00:00	14.030578	0.2057126	341.0158	8.112613	286.70657	0.98772806	0.60716736	0.6025989	-9.917695045471191
2015-02-23 12:00:00	14.266941	0.21221869	52.64603	8.11328	286.908	0.9881582	0.58932614	0.5883117	-9.9406099319458
2015-02-24 12:00:00	14.494598	0.21617624	318.23486	8.113482	286.96323	0.9885348	0.58452374	0.58138376	-9.967744827270508
2015-02-25 12:00:00	14.71853	0.2109532	353.5345	8.113864	287.31378	0.98918164	0.606207	0.6024677	-9.99206829071045
2015-02-26 12:00:00	14.861799	0.21236616	228.30244	8.11374	287.50797	0.9896541	0.6329458	0.624009	-10.00949478149414
2015-02-27 12:00:00	14.797347	0.21821961	211.1566	8.113385	287.5079	0.989949	0.6175518	0.612242	-10.018580436706543
2015-02-28 12:00:00	14.604178	0.2180105	345.0494	8.113937	287.68463	0.99031734	0.62984073	0.62099016	-10.019113540649414
2015-03-01 12:00:00	14.397097	0.21982788	210.28204	8.113895	287.8721	0.9906363	0.61786944	0.6095892	-10.011448860168457
2015-03-02 12:00:00	14.320747	0.22004494	326.97144	8.11362	288.01453	0.9909632	0.6009122	0.59593034	-9.997018814086914
2015-03-03 12:00:00	15.11621	0.21480595	379.9144	8.114046	288.32352	0.9914304	0.61191577	0.6078287	-9.978885650634766
2015-03-04 12:00:00	16.368065	0.21012272	394.98962	8.114644	288.61813	0.99192286	0.63895714	0.6342064	-9.961124420166016
2015-03-05 12:00:00	17.094116	0.20711078	431.91763	8.115335	288.90906	0.99241245	0.6752455	0.6691147	-9.94715690612793
2015-03-06 12:00:00	17.480152	0.20694272	406.91922	8.115827	289.19446	0.9928752	0.7360141	0.7130676	-9.938432693481445
2015-03-07 12:00:00	17.817408	0.20917659	451.23175	8.115958	289.38824	0.99329823	0.74819094	0.7342567	-9.934577941894531
2015-03-08 12:00:00	18.165737	0.21182668	454.35385	8.11579	289.60086	0.99371153	0.78168464	0.7659597	-9.934731483459473
2015-03-09 12:00:00	18.53509	0.22048652	294.8168	8.115677	289.7181	0.9940257	0.77032405	0.7541672	-9.938681602478027
2015-03-10 12:00:00	18.91459	0.2323191	213.04903	8.115666	289.70493	0.99424314	0.7150216	0.70748603	-9.946784973144531
2015-03-11 12:00:00	19.276028	0.2357613	467.7903	8.115585	289.5971	0.99449354	0.777265	0.725393	-9.959016799926758
2015-03-12 12:00:00	19.584461	0.2377867	273.8191	8.115559	289.6211	0.99475586	0.76824313	0.7412193	-9.974287986755371
2015-03-13 12:00:00	19.72504	0.2421149	350.52414	8.115334	289.47107	0.9949565	0.7946865	0.7631973	-9.990653991699219
2015-03-14 12:00:00	19.600698	0.24239798	379.06714	8.115606	289.53256	0.99516404	0.71164954	0.7028211	-10.005897521972656
2015-03-15 12:00:00	19.39849	0.24312374	382.2109	8.116145	289.57913	0.995329	0.70839155	0.69659793	-10.017597198486328
2015-03-16 12:00:00	19.194134	0.24352637	359.21924	8.116646	289.65924	0.99548274	0.68764466	0.67966336	-10.022705078125
2015-03-17 12:00:00	19.540556	0.24084003	401.33557	8.117013	289.715	0.995666	0.7271535	0.70724994	-10.01774787902832
2015-03-18 12:00:00	21.378765	0.2347753	487.61835	8.117259	289.76266	0.99589634	0.79554296	0.73355055	-10.000555038452148
2015-03-19 12:00:00	22.669657	0.22991636	488.7281	8.117503	289.9592	0.9961371	0.80184954	0.758751	-9.972800254821777
2015-03-20 12:00:00	23.128023	0.22918798	465.18707	8.117934	290.17038	0.99635345	0.78770113	0.74625707	-9.941210746765137
2015-03-21 12:00:00	23.51348	0.22980973	516.7854	8.118313	290.28497	0.99655676	0.8174347	0.77087826	-9.915661811828613
2015-03-22 12:00:00	23.913502	0.23097162	526.3907	8.118604	290.43466	0.9967538	0.8254386	0.792223	-9.904723167419434
2015-03-23 12:00:00	24.341515	0.23397759	543.59	8.119072	290.56387	0.9969341	0.85282665	0.8060374	-9.911418914794922
2015-03-24 12:00:00	24.798676	0.24095052	394.80374	8.1195	290.6296	0.9970841	0.84627336	0.8002505	-9.932086944580078
2015-03-25 12:00:00	25.269089	0.24659412	540.5342	8.119933	290.53894	0.9972169	0.8359207	0.8219975	-9.958939552307129
2015-03-26 12:00:00	25.716053	0.24788877	540.5792	8.120505	290.60873	0.9973559	0.8827232	0.83354664	-9.984217643737793
2015-03-27 12:00:00	25.979301	0.25069076	542.61975	8.120567	290.59567	0.99747455	0.848441	0.8380862	-10.003069877624512
2015-03-28 12:00:00	25.857615	0.26251155	214.44986	8.1206	290.52237	0.9975376	0.8205426	0.7996272	-10.013821601867676
2015-03-29 12:00:00	25.433002	0.27614674	283.9425	8.11996	290.1889	0.99755	0.7405086	0.73213947	-10.0166015625
2015-03-30 12:00:00	25.02358	0.28232324	190.49118	8.118791	289.86066	0.99755895	0.66831326	0.664547	-10.012185096740723
2015-03-31 12:00:00	24.727678	0.27969638	282.83875	8.118172	289.4281	0.9975807	0.6687352	0.6558256	-10.0018949508667
2015-04-01 12:00:00	25.316854	0.2660557	466.40564	8.117131	289.26947	0.997639	0.65209275	0.6469496	-9.987914085388184
2015-04-02 12:00:00	27.135561	0.25207177	389.61066	8.116944	289.24307	0.99771696	0.6854366	0.67612404	-9.972953796386719
2015-04-03 12:00:00	28.915257	0.24873827	303.20157	8.116397	289.10376	0.9977794	0.7112356	0.69047177	-9.959220886230469
2015-04-04 12:00:00	29.70576	0.24963982	233.69026	8.115957	288.8379	0.9978315	0.6857114	0.6749359	-9.947701454162598
2015-04-05 12:00:00	30.041605	0.24439655	409.1031	8.115768	288.63754	0.9978913	0.71493894	0.6578401	-9.938577651977539
2015-04-06 12:00:00	30.268845	0.23546043	471.6141	8.115663	288.55325	0.9979645	0.79833245	0.68618774	-9.93241024017334
2015-04-07 12:00:00	30.484539	0.22591701	608.98224	8.115708	288.59702	0.9980515	0.900892	0.75797224	-9.930760383605957
2015-04-08 12:00:00	30.712502	0.21947831	683.6217	8.115668	288.64227	0.9981489	1.0023412	0.8776977	-9.935464859008789
2015-04-09 12:00:00	30.969917	0.21622862	827.74493	8.115944	288.5633	0.9982601	1.1999904	1.1061671	-9.947161674499512
2015-04-10 12:00:00	31.25687	0.21381465	1054.4542	8.116456	288.4125	0.9983925	1.5291421	1.4391861	-9.964437484741211
2015-04-11 12:00:00	31.515285	0.2090514	1253.046	8.117385	288.1896	0.9985439	2.0702527	1.9199822	-9.984333992004395
2015-04-12 12:00:00	31.53395	0.20376506	1424.7277	8.118643	287.8847	0.99868655	2.2297578	2.1341221	-10.00351619720459
2015-04-13 12:00:00	31.237637	0.20115945	1463.2214	8.120469	287.45667	0.998817	2.2947943	2.2093866	-10.0188570022583
2015-04-14 12:00:00	31.022013	0.20249645	1654.5854	8.122106	287.3239	0.9989301	2.6168344	2.3986022	-10.027125358581543
2015-04-15 12:00:00	32.279003	0.19037932	1724.4199	8.124132	287.06726	0.9990359	3.362787	2.94167	-10.024861335754395
2015-04-16 12:00:00	35.928	0.18786237	671.1486	8.124703	286.8729	0.99907285	3.159392	3.7083404	-10.009661674499512
2015-04-17 12:00:00	38.42189	0.19839121	528.9009	8.123907	287.1596	0.9990733	2.748227	3.9157379	-9.982606887817383
2015-04-18 12:00:00	39.758575	0.21372491	419.23383	8.122844	287.67587	0.99906355	2.4427865	3.591182	-10.495200157165527
2015-04-19 12:00:00	40.9008	0.22993264	1256.4766	8.122734	288.43484	0.9990851	1.9861665	1.9391625	-9.921079635620117
2015-04-20 12:00:00	42.082745	0.24467005	1223.4114	8.123556	288.49985	0.99913305	1.8458583	1.7144574	-9.905732154846191
2015-04-21 12:00:00	43.403667	0.26187783	1120.4478	8.124035	288.84335	0.99916977	1.8178917	1.519124	-9.908059120178223
2015-04-22 12:00:00	44.813953	0.27742064	1063.4613	8.12407	288.82315	0.99919766	1.7003895	1.5290563	-9.925525665283203
2015-04-23 12:00:00	46.220074	0.29380298	828.3803	8.123645	288.62228	0.9992137	1.3305465	1.2917509	-9.950774192810059
2015-04-24 12:00:00	47.490498	0.31275636	716.1551	8.122871	288.16324	0.99921584	1.241637	1.1724298	-9.975769996643066
2015-04-25 12:00:00	48.192875	0.32077187	645.47125	8.1224375	287.3812	0.99921846	1.4100983	1.2342063	-9.995142936706543
2015-04-26 12:00:00	47.79386	0.31627506	887.74133	8.122178	286.54706	0.9992252	1.5928293	1.4060367	-10.006998062133789
2015-04-27 12:00:00	46.511707	0.2917897	1159.848	8.122733	285.60806	0.9992455	2.0579042	1.6005249	-10.011702537536621
2015-04-28 12:00:00	44.83481	0.2578517	1302.6173	8.124057	284.6154	0.99927074	2.3752568	2.2563581	-10.010404586791992
2015-04-29 12:00:00	43.256958	0.23464523	1378.386	8.125546	283.63263	0.9992876	2.347763	2.3258986	-10.004403114318848
2015-04-30 12:00:00	42.30589	0.22453271	1199.579	8.126569	282.73157	0.9993004	2.3290532	2.3060946	-9.995142936706543
2015-05-01 12:00:00	43.426636	0.22801773	916.4986	8.126998	281.89163	0.999291	2.185595	2.232777	-9.984007835388184
2015-05-02 12:00:00	49.141384	0.24821693	488.69437	8.126588	281.2295	0.99927163	1.9437099	1.9623445	-9.97181224822998
2015-05-03 12:00:00	54.679867	0.26920438	755.17725	8.126333	281.06116	0.9992798	1.6460658	1.6174098	-9.958707809448242
2015-05-04 12:00:00	56.995426	0.2788049	920.75867	8.125884	280.7733	0.9992918	1.5513376	1.527171	-9.945038795471191
2015-05-05 12:00:00	58.0011	0.28372186	780.2994	8.125573	280.67758	0.9993004	1.5179256	1.4338174	-9.9325590133667
2015-05-06 12:00:00	58.746338	0.29087758	813.727	8.12496	280.7489	0.9993024	1.2567285	1.2325714	-9.924675941467285
2015-05-07 12:00:00	59.38093	0.30263016	535.6711	8.123677	281.6365	0.9992901	0.95723444	0.9452127	-9.925032615661621
2015-05-08 12:00:00	59.8794	0.31092915	555.18475	8.122364	281.1003	0.9992698	1.0322841	0.8945414	-9.935311317443848
2015-05-09 12:00:00	60.19215	0.31397277	478.7825	8.121196	280.36676	0.9992534	1.0464835	0.95124155	-9.954004287719727
2015-05-10 12:00:00	60.234707	0.31029862	606.6126	8.119802	279.50745	0.9992365	1.024361	0.97930896	-9.97709846496582
2015-05-11 12:00:00	59.86308	0.296032	821.6093	8.118672	278.58862	0.9992234	1.3127483	1.2116839	-9.99991226196289
2015-05-12 12:00:00	58.971127	0.27890873	1025.7744	8.118036	277.61188	0.99922603	1.658837	1.5345914	-10.018415451049805
2015-05-13 12:00:00	58.06762	0.2708986	723.67084	8.11747	276.60617	0.9992091	1.8407992	1.8353765	-10.0292387008667
2015-05-14 12:00:00	58.65018	0.28510284	395.28906	8.116316	275.64484	0.99914765	1.6217296	1.8198575	-11.722175598144531
2015-05-15 12:00:00	60.907192	0.3060483	332.52173	8.114891	274.79388	0.99909014	1.311173	1.6106813	-12.938695907592773
2015-05-16 12:00:00	62.279194	0.31649458	303.01617	8.113517	274.0809	0.9990145	1.0720104	1.4978884	-13.559837341308594
2015-05-17 12:00:00	62.585266	0.31543034	360.53833	8.111927	273.5006	0.9989293	0.9285626	1.1528585	-12.885340690612793
2015-05-18 12:00:00	62.5661	0.30561894	333.7348	8.110842	272.86923	0.9988324	0.8418097	1.1625134	-12.857438087463379
2015-05-19 12:00:00	62.39116	0.28956968	555.86414	8.109886	272.2011	0.9987814	0.85274786	0.88446015	-13.48612117767334
2015-05-20 12:00:00	62.083862	0.26577976	716.3693	8.109493	271.35443	0.9987758	0.9070529	0.8956546	-9.908163070678711
2015-05-21 12:00:00	61.77032	0.25118402	851.15796	8.109329	270.6089	0.9987935	1.1066437	1.0874423	-9.921545028686523
2015-05-22 12:00:00	61.491745	0.24366921	1031.3174	8.109293	269.9641	0.9988308	1.4406865	1.414162	-9.943717002868652
2015-05-23 12:00:00	61.19379	0.25723273	462.6531	8.108873	269.1215	0.9988321	1.5555658	1.5814594	-9.966950416564941
2015-05-24 12:00:00	60.48756	0.2860642	300.42648	8.107545	268.16663	0.99876934	1.2849128	1.505411	-11.68053913116455
2015-05-25 12:00:00	58.604088	0.31171727	209.32133	8.106308	267.0972	0.99868476	1.0194261	1.3955647	-12.921953201293945
2015-05-26 12:00:00	55.71479	0.32288972	275.59576	8.104904	265.92154	0.9985821	0.8477003	1.3010051	-14.236161231994629
2015-05-27 12:00:00	52.332638	0.3202357	290.56168	8.103354	264.65662	0.99845815	0.71395546	1.3108277	-14.920748710632324
2015-05-28 12:00:00	48.914997	0.31183958	303.52563	8.101811	263.367	0.9983194	0.61879003	1.391063	-16.34079360961914
2015-05-29 12:00:00	45.955593	0.30554923	237.799	8.100298	262.1833	0.9981736	0.5763174	1.4122124	-17.07459831237793
2015-05-30 12:00:00	43.94144	0.30295753	198.87247	8.099279	261.20288	0.9980108	0.55587727	1.2110815	-17.823373794555664
2015-05-31 12:00:00	44.839275	0.29163027	266.89758	8.098259	260.36987	0.9978472	0.56218904	0.9746546	-17.815549850463867
