DATE	non-living_particulate_organic_carbon	trophic_efficiency	net_primary_production	pH	O2	large_over_all_phytoplankton	chl_in_5m	chl_max_in_10m_to_150m	depth_of_chl_max_in_10m_to_150m
2019-01-01 12:00:00	9123.682	0.11723217	-0.06985909	8.100539	215290190.0	0.09800027	0.061186057	0.061177697	-10.54916763305664
2019-01-02 12:00:00	9115.017	0.1174662	0.15062283	8.100617	215287520.0	0.09712948	0.06067428	0.06066596	-10.54916763305664
2019-01-03 12:00:00	9100.934	0.116747566	0.14844283	8.100599	215282340.0	0.09470376	0.060878925	0.06086969	-10.54916763305664
2019-01-04 12:00:00	9089.206	0.116066635	0.14474429	8.100536	215277000.0	0.09233261	0.061320633	0.061311446	-10.54916763305664
2019-01-05 12:00:00	9079.62	0.115477435	0.14189792	8.100443	215271660.0	0.09008324	0.061492216	0.061479297	-10.54916763305664
2019-01-06 12:00:00	9071.484	0.11491486	0.14614782	8.100319	215266400.0	0.08791792	0.061894316	0.06188899	-10.54916763305664
2019-01-07 12:00:00	9064.49	0.11434474	0.13388705	8.100146	215261180.0	0.08579865	0.062239192	0.06223185	-10.54916763305664
2019-01-08 12:00:00	9059.479	0.11378127	0.15967333	8.100242	215255950.0	0.083751105	0.061898053	0.061879635	-10.54916763305664
2019-01-09 12:00:00	9060.234	0.112908326	0.17284393	8.100637	215253070.0	0.081618726	0.060991164	0.060974773	-10.54916763305664
2019-01-10 12:00:00	9067.828	0.11180108	0.19101366	8.100923	215260620.0	0.079259284	0.06073881	0.060721792	-10.54916763305664
2019-01-11 12:00:00	9082.343	0.11025391	0.24323946	8.101001	215272860.0	0.07679234	0.060961418	0.060945276	-10.54916763305664
2019-01-12 12:00:00	9107.366	0.1082907	0.24326155	8.101255	215309020.0	0.07422784	0.060951725	0.06093035	-10.54916763305664
2019-01-13 12:00:00	9144.117	0.10620416	0.27948287	8.101527	215345260.0	0.07160147	0.061346352	0.06132983	-10.54916763305664
2019-01-14 12:00:00	9193.209	0.10397104	0.26883632	8.101725	215381660.0	0.06900553	0.061996877	0.061972328	-10.54916763305664
2019-01-15 12:00:00	9253.556	0.10181634	0.29890555	8.101899	215430770.0	0.066531755	0.06255666	0.06252627	-10.54916763305664
2019-01-16 12:00:00	9326.047	0.09919689	0.36994353	8.101996	215468320.0	0.06396921	0.06376982	0.063746475	-10.54916763305664
2019-01-17 12:00:00	9415.723	0.09610072	0.40018153	8.102134	215511550.0	0.061321083	0.06537437	0.06534427	-10.54916763305664
2019-01-18 12:00:00	9524.323	0.092945546	0.41272268	8.102255	215556030.0	0.05873995	0.06710665	0.06708241	-10.54916763305664
2019-01-19 12:00:00	9651.564	0.08999381	0.41226643	8.102366	215615140.0	0.056323625	0.068609215	0.068583585	-10.54916763305664
2019-01-20 12:00:00	9796.31	0.087086074	0.45482677	8.102463	215673630.0	0.05401015	0.070330724	0.07027431	-10.54916763305664
2019-01-21 12:00:00	9958.997	0.08442603	0.38322124	8.102472	215692750.0	0.05186356	0.07307533	0.073002204	-10.54916763305664
2019-01-22 12:00:00	10133.52	0.08236945	0.40106145	8.102474	215738300.0	0.049999792	0.073912166	0.07388292	-10.54916763305664
2019-01-23 12:00:00	10320.266	0.08020694	0.44043604	8.102802	215871680.0	0.048199996	0.07415773	0.074088424	-10.54916763305664
2019-01-24 12:00:00	10525.808	0.07775877	0.5257021	8.103367	216171790.0	0.04653946	0.07321699	0.07315741	-10.54916763305664
2019-01-25 12:00:00	10753.512	0.074946254	0.585406	8.10371	216372100.0	0.045054846	0.074416526	0.074334145	-10.54916763305664
2019-01-26 12:00:00	11006.255	0.071859986	0.6730068	8.103851	216525730.0	0.04366443	0.07748798	0.07742087	-10.54916763305664
2019-01-27 12:00:00	11286.466	0.06889806	0.63268256	8.1037855	216557000.0	0.042384595	0.0843004	0.08422933	-10.54916763305664
2019-01-28 12:00:00	11588.21	0.06636097	0.6460133	8.103805	216549440.0	0.041173395	0.092441075	0.09244538	-10.54916763305664
2019-01-29 12:00:00	11911.61	0.064058326	0.63943535	8.103801	216541780.0	0.0399684	0.101520754	0.10149704	-10.54916763305664
2019-01-30 12:00:00	12255.377	0.062025506	0.6309416	8.103605	216534080.0	0.038799882	0.10926335	0.10923441	-10.54916763305664
2019-01-31 12:00:00	12613.578	0.060270544	0.6125011	8.1036625	216526350.0	0.037702136	0.116410136	0.116746165	-10.54916763305664
2019-02-01 12:00:00	12985.114	0.058862068	0.5709682	8.103675	216518540.0	0.036712643	0.12353414	0.123498835	-10.54916763305664
2019-02-02 12:00:00	13365.737	0.057648495	0.5746755	8.103826	216510800.0	0.03581696	0.12729281	0.1272385	-10.54916763305664
2019-02-03 12:00:00	13755.247	0.056543637	0.60939646	8.104025	216503520.0	0.034932457	0.12219361	0.12205128	-10.54916763305664
2019-02-04 12:00:00	14154.697	0.055190906	0.7519754	8.10417	216700080.0	0.03393212	0.109359235	0.109141685	-10.54916763305664
2019-02-05 12:00:00	14571.504	0.053733516	0.6795682	8.104275	216874700.0	0.033028007	0.107123405	0.10698148	-10.54916763305664
2019-02-06 12:00:00	14999.959	0.052327003	0.8867317	8.104325	216969330.0	0.032183304	0.10906336	0.1089974	-10.54916763305664
2019-02-07 12:00:00	15451.579	0.05070743	0.8126767	8.104214	216967340.0	0.031228043	0.11718356	0.117153965	-10.54916763305664
2019-02-08 12:00:00	15920.713	0.04951202	0.75143373	8.104098	216959070.0	0.03036033	0.12434483	0.12430682	-10.54916763305664
2019-02-09 12:00:00	16398.08	0.048657667	0.6821362	8.104004	216950770.0	0.029581286	0.1303953	0.13034521	-10.54916763305664
2019-02-10 12:00:00	16875.469	0.04818136	0.5333967	8.103964	216942000.0	0.02891039	0.13505097	0.13502234	-10.54916763305664
2019-02-11 12:00:00	17342.271	0.04801654	0.58903205	8.104103	217034350.0	0.028323462	0.13023786	0.13002515	-10.54916763305664
2019-02-12 12:00:00	17804.057	0.04749442	0.8552785	8.104376	217311860.0	0.02769309	0.122947104	0.12287136	-10.54916763305664
2019-02-13 12:00:00	18279.377	0.04645053	0.96718794	8.104459	217422880.0	0.026987752	0.12679514	0.12665968	-10.54916763305664
2019-02-14 12:00:00	18778.01	0.04546214	0.8687174	8.104406	217456720.0	0.026294146	0.13372628	0.13363045	-10.54916763305664
2019-02-15 12:00:00	19290.803	0.04495269	0.6311702	8.104313	217446430.0	0.025692508	0.14002636	0.1400121	-10.54916763305664
2019-02-16 12:00:00	19795.338	0.044966016	0.5552558	8.104506	217434780.0	0.02521509	0.14457253	0.14469935	-10.54916763305664
2019-02-17 12:00:00	20286.441	0.04514732	0.52202606	8.104555	217423060.0	0.024780078	0.14863375	0.14897148	-10.54916763305664
2019-02-18 12:00:00	20761.56	0.04542431	0.53002536	8.104379	217411760.0	0.024386924	0.15227693	0.15226492	-10.54916763305664
2019-02-19 12:00:00	21216.646	0.045771766	0.43830344	8.104204	217400960.0	0.02403635	0.15457904	0.15455407	-10.54916763305664
2019-02-20 12:00:00	21646.543	0.04632072	0.39171773	8.104076	217389700.0	0.023741059	0.15570123	0.1556884	-10.54916763305664
2019-02-21 12:00:00	22048.662	0.047024507	0.2957919	8.104241	217378100.0	0.023486847	0.15577583	0.1557604	-10.54916763305664
2019-02-22 12:00:00	22420.9	0.047795348	0.39336848	8.104497	217365940.0	0.02322112	0.15265888	0.15259041	-10.54916763305664
2019-02-23 12:00:00	22768.338	0.048266727	0.5584146	8.104468	217475410.0	0.022862094	0.14606288	0.14587843	-10.54916763305664
2019-02-24 12:00:00	23101.23	0.048573244	0.44273704	8.104416	217537660.0	0.022461252	0.14468114	0.14463109	-10.54916763305664
2019-02-25 12:00:00	23418.719	0.048898943	0.6345206	8.104534	217726050.0	0.022093063	0.13919227	0.13911311	-10.54916763305664
2019-02-26 12:00:00	23730.445	0.0488971	0.648896	8.104427	217758200.0	0.021690547	0.14233594	0.142303	-10.54916763305664
2019-02-27 12:00:00	24042.816	0.048749495	0.83518386	8.104494	217881900.0	0.02126574	0.14173612	0.14162944	-10.54916763305664
2019-02-28 12:00:00	24371.742	0.048308514	0.88650614	8.104703	218113340.0	0.020849612	0.14133744	0.14128636	-10.54916763305664
2019-03-01 12:00:00	24721.139	0.04785248	0.91695213	8.104853	218269800.0	0.02050352	0.14408186	0.1439759	-10.54916763305664
2019-03-02 12:00:00	25088.41	0.047425877	0.91990775	8.104826	218319070.0	0.02018231	0.15064284	0.15047742	-10.54916763305664
2019-03-03 12:00:00	25472.857	0.04716139	0.79435426	8.1047325	218304770.0	0.019843154	0.15902658	0.15890373	-10.54916763305664
2019-03-04 12:00:00	25862.652	0.04727496	0.676467	8.1045885	218290030.0	0.019548057	0.16528755	0.16521758	-10.54916763305664
2019-03-05 12:00:00	26246.143	0.04762634	0.59171146	8.104436	218275620.0	0.01929311	0.16974945	0.1696627	-10.54916763305664
2019-03-06 12:00:00	26614.418	0.0481891	0.5567242	8.104186	218261680.0	0.019082516	0.17218332	0.17218468	-10.54916763305664
2019-03-07 12:00:00	26963.975	0.048912883	0.4142256	8.103903	218248080.0	0.018907748	0.17351663	0.17351916	-10.54916763305664
2019-03-08 12:00:00	27289.658	0.049869742	0.37669754	8.104095	218233710.0	0.018762564	0.1736917	0.17368145	-10.54916763305664
2019-03-09 12:00:00	27593.266	0.050932124	0.335016	8.104417	218219730.0	0.018643009	0.1727828	0.17275608	-10.54916763305664
2019-03-10 12:00:00	27874.271	0.051615767	0.8728216	8.104595	218398900.0	0.018459221	0.15924653	0.15898591	-10.54916763305664
2019-03-11 12:00:00	28165.828	0.051436253	0.89723384	8.104599	218524480.0	0.018123718	0.15744998	0.15729678	-10.54916763305664
2019-03-12 12:00:00	28477.154	0.051390715	0.76044464	8.104588	218567200.0	0.017797364	0.16019793	0.1599728	-10.54916763305664
2019-03-13 12:00:00	28795.393	0.05170572	0.67755944	8.1046	218605260.0	0.017522974	0.16165008	0.16151328	-10.54916763305664
2019-03-14 12:00:00	29112.533	0.05189415	1.0115197	8.104796	218765200.0	0.01725584	0.15937309	0.159246	-10.54916763305664
2019-03-15 12:00:00	29455.34	0.05155549	1.1339889	8.105083	219059950.0	0.016998969	0.159162	0.15907824	-10.54916763305664
2019-03-16 12:00:00	29835.922	0.05080765	1.5329411	8.105284	219329840.0	0.016797641	0.16260754	0.16242848	-10.54916763305664
2019-03-17 12:00:00	30275.984	0.049905643	1.3401421	8.1053	219390060.0	0.016590476	0.17505474	0.17485045	-10.54916763305664
2019-03-18 12:00:00	30762.562	0.04955833	1.0812427	8.105298	219383900.0	0.01635325	0.18469213	0.18453865	-10.54916763305664
2019-03-19 12:00:00	31271.104	0.049797956	0.8972726	8.105258	219389020.0	0.016141877	0.192238	0.19221109	-10.54916763305664
2019-03-20 12:00:00	31780.945	0.050421953	0.7849125	8.105281	219387140.0	0.015961105	0.19586208	0.19561769	-10.54916763305664
2019-03-21 12:00:00	32281.732	0.051288716	0.6580868	8.105293	219381600.0	0.015791569	0.19758458	0.19752519	-10.54916763305664
2019-03-22 12:00:00	32754.984	0.052343793	0.6692299	8.105581	219362980.0	0.01563499	0.19686918	0.19684696	-10.54916763305664
2019-03-23 12:00:00	33217.28	0.05340828	0.6311342	8.105474	219346270.0	0.015478532	0.19917852	0.19915977	-10.54916763305664
2019-03-24 12:00:00	33657.203	0.054689758	0.4510318	8.105285	219328700.0	0.015359268	0.20062457	0.20061393	-10.54916763305664
2019-03-25 12:00:00	34061.043	0.05622611	0.43383744	8.105329	219310460.0	0.015259923	0.20045175	0.20043284	-10.54916763305664
2019-03-26 12:00:00	34424.93	0.057850756	0.33355364	8.105366	219292220.0	0.015178385	0.19931343	0.1992736	-10.54916763305664
2019-03-27 12:00:00	34740.504	0.059599224	0.35345706	8.105373	219272830.0	0.015083254	0.19761646	0.19769166	-10.54916763305664
2019-03-28 12:00:00	35004.914	0.061311055	0.3627202	8.105284	219254220.0	0.015001041	0.19662781	0.1966628	-18.017791748046875
2019-03-29 12:00:00	35227.79	0.06306393	0.27722582	8.105149	219235820.0	0.014939535	0.19592474	0.19592172	-10.54916763305664
2019-03-30 12:00:00	35404.74	0.06494831	0.26784226	8.105065	219216350.0	0.014868478	0.19465965	0.19466189	-10.54916763305664
2019-03-31 12:00:00	35534.92	0.0668221	0.27440485	8.104981	219197280.0	0.014812394	0.19317575	0.19318286	-10.54916763305664
2019-04-01 12:00:00	35624.883	0.06861503	0.31202358	8.104764	219179460.0	0.014789916	0.19183375	0.19176592	-10.54916763305664
2019-04-02 12:00:00	35679.094	0.07036114	0.279037	8.104492	219162500.0	0.014794419	0.1906532	0.19021949	-10.54916763305664
2019-04-03 12:00:00	35699.074	0.072151914	0.2566547	8.10429	219144910.0	0.014790127	0.18875001	0.18856297	-10.54916763305664
2019-04-04 12:00:00	35685.99	0.07391216	0.28636897	8.104011	219127470.0	0.014795418	0.18661685	0.18660441	-10.54916763305664
2019-04-05 12:00:00	35644.156	0.07566608	0.21605487	8.103792	219109920.0	0.014803067	0.18469568	0.18468969	-10.54916763305664
2019-04-06 12:00:00	35575.613	0.07743827	0.29203656	8.103754	219091760.0	0.014801602	0.1825917	0.18258445	-10.54916763305664
2019-04-07 12:00:00	35485.723	0.079090364	0.22837313	8.10365	219074500.0	0.014831782	0.18045178	0.18085176	-71.2855224609375
2019-04-08 12:00:00	35372.61	0.08083465	0.21944742	8.103477	219055800.0	0.014825605	0.17867103	0.17938745	-75.60861206054688
2019-04-09 12:00:00	35237.87	0.082510754	0.25872472	8.103287	219037230.0	0.014829511	0.17755899	0.17808974	-75.60861206054688
2019-04-10 12:00:00	35085.4	0.084077895	0.22641568	8.103067	219019330.0	0.0148591725	0.1768454	0.17689756	-75.60861206054688
2019-04-11 12:00:00	34915.617	0.085716866	0.20494199	8.102849	219000460.0	0.014864587	0.17371699	0.17560595	-80.03094482421875
2019-04-12 12:00:00	34726.34	0.08735605	0.20517999	8.102668	218981470.0	0.014869476	0.17113666	0.17423029	-80.03094482421875
2019-04-13 12:00:00	34522.758	0.088841215	0.2799546	8.102666	218963250.0	0.0149083035	0.1690363	0.17305815	-80.03094482421875
2019-04-14 12:00:00	34312.86	0.09009683	0.2610132	8.102651	218946420.0	0.015004188	0.1669248	0.17219679	-80.03094482421875
2019-04-15 12:00:00	34096.754	0.09141025	0.24084555	8.102496	218929000.0	0.015081877	0.16490203	0.17114714	-80.03094482421875
2019-04-16 12:00:00	33872.746	0.09267309	0.24715436	8.102252	218911540.0	0.015162746	0.16300926	0.17018627	-80.03094482421875
2019-04-17 12:00:00	33641.08	0.09393754	0.23444372	8.101927	218893900.0	0.015238871	0.1610791	0.16909148	-80.03094482421875
2019-04-18 12:00:00	33402.25	0.09508872	0.27636924	8.101779	218876780.0	0.015342481	0.15916272	0.16816412	-84.54768371582031
2019-04-19 12:00:00	33160.336	0.09609924	0.25055948	8.101615	218860590.0	0.01548897	0.15728879	0.16758487	-84.54768371582031
2019-04-20 12:00:00	32914.656	0.097113006	0.28261334	8.101505	218844270.0	0.015628252	0.1553103	0.16690303	-84.54768371582031
2019-04-21 12:00:00	32666.723	0.09799225	0.27414346	8.1013565	218828660.0	0.015805332	0.15338764	0.16645272	-84.54768371582031
2019-04-22 12:00:00	32415.543	0.098873995	0.25282127	8.101114	218813040.0	0.015978478	0.15157193	0.16587728	-84.54768371582031
2019-04-23 12:00:00	32158.865	0.09982104	0.24245498	8.10089	218796930.0	0.01612368	0.14983603	0.1651098	-84.54768371582031
2019-04-24 12:00:00	31895.44	0.10073577	0.22426258	8.100683	218780500.0	0.016257182	0.1482801	0.16461737	-84.54768371582031
2019-04-25 12:00:00	31624.771	0.10170781	0.2392572	8.100459	218763660.0	0.016366241	0.14726774	0.16383328	-84.54768371582031
2019-04-26 12:00:00	31348.014	0.10245814	0.277029	8.100209	218748110.0	0.016549662	0.14650689	0.16326036	-84.54768371582031
2019-04-27 12:00:00	31068.754	0.10307963	0.2664924	8.099901	218733420.0	0.016784567	0.1458297	0.1628097	-84.54768371582031
2019-04-28 12:00:00	30787.69	0.10379384	0.20569083	8.09965	218717970.0	0.016971946	0.14453433	0.162222	-84.54768371582031
2019-04-29 12:00:00	30501.969	0.10457565	0.27417982	8.099424	218702050.0	0.017125664	0.14200583	0.16139066	-84.54768371582031
2019-04-30 12:00:00	30215.658	0.10505974	0.27294466	8.099148	218687980.0	0.017399825	0.1407148	0.1610767	-89.15921020507812
2019-05-01 12:00:00	29931.201	0.10553924	0.26373783	8.098902	218674030.0	0.017674524	0.13954104	0.16101536	-89.15921020507812
2019-05-02 12:00:00	29648.77	0.10598626	0.27156588	8.09861	218660300.0	0.01795912	0.13839461	0.16090156	-89.15921020507812
2019-05-03 12:00:00	29369.436	0.10638393	0.27009377	8.098292	218646980.0	0.018262481	0.1377994	0.16079816	-89.15921020507812
2019-05-04 12:00:00	29093.893	0.10675041	0.27046782	8.098	218633860.0	0.018574689	0.13777143	0.16062063	-89.15921020507812
2019-05-05 12:00:00	28822.56	0.10713391	0.24116783	8.097716	218620700.0	0.018873636	0.13781902	0.16032623	-89.15921020507812
2019-05-06 12:00:00	28554.03	0.107671164	0.22612458	8.097511	218606670.0	0.019094381	0.13467583	0.1595381	-89.15921020507812
2019-05-07 12:00:00	28286.389	0.10814827	0.2395596	8.097172	218592930.0	0.019332444	0.13231131	0.1589076	-89.15921020507812
2019-05-08 12:00:00	28020.537	0.10859144	0.24361934	8.096803	218579630.0	0.019594334	0.13077825	0.15806513	-89.15921020507812
2019-05-09 12:00:00	27757.494	0.108993664	0.21007791	8.09661	218566450.0	0.0198569	0.12921095	0.15746981	-89.15921020507812
2019-05-10 12:00:00	27497.047	0.10945447	0.25219214	8.096478	218552820.0	0.020080047	0.12801133	0.15673977	-89.15921020507812
2019-05-11 12:00:00	27240.736	0.10976824	0.21107781	8.096414	218540050.0	0.020372756	0.12642355	0.15630342	-89.15921020507812
2019-05-12 12:00:00	26987.633	0.110178515	0.24591692	8.096436	218526820.0	0.020618241	0.12464493	0.15551469	-89.15921020507812
2019-05-13 12:00:00	26737.654	0.11035271	0.26582664	8.096253	218514910.0	0.020978708	0.12345506	0.15510757	-89.15921020507812
2019-05-14 12:00:00	26491.441	0.110433415	0.25481808	8.095938	218503600.0	0.021395054	0.12245772	0.15491658	-89.15921020507812
2019-05-15 12:00:00	26247.268	0.11066833	0.20334803	8.095555	218491540.0	0.021734763	0.121517986	0.15443817	-89.15921020507812
2019-05-16 12:00:00	26001.646	0.11112885	0.1949043	8.095374	218477980.0	0.021925233	0.12039996	0.15365645	-89.15921020507812
2019-05-17 12:00:00	25755.584	0.11146923	0.24454357	8.095139	218465100.0	0.02217907	0.119736284	0.15285839	-89.15921020507812
2019-05-18 12:00:00	25512.797	0.11154948	0.25986633	8.094982	218453820.0	0.02259118	0.118919544	0.15237144	-89.15921020507812
2019-05-19 12:00:00	25276.031	0.11152732	0.25822094	8.094777	218443250.0	0.023068134	0.11796843	0.15209004	-89.15921020507812
2019-05-20 12:00:00	25045.873	0.111500256	0.25682417	8.0945	218432860.0	0.023558762	0.11737655	0.15239672	-93.87203216552734
2019-05-21 12:00:00	24821.98	0.11163225	0.18687153	8.094218	218421700.0	0.02395496	0.117119275	0.15204974	-93.87203216552734
2019-05-22 12:00:00	24600.428	0.11207073	0.18457095	8.094073	218408780.0	0.024144698	0.11624112	0.1502812	-89.15921020507812
2019-05-23 12:00:00	24380.428	0.11235777	0.23813841	8.093846	218396590.0	0.024415666	0.115290985	0.1494108	-89.15921020507812
2019-05-24 12:00:00	24165.746	0.11245768	0.203996	8.093799	218385490.0	0.024800517	0.11369414	0.1489042	-93.87203216552734
2019-05-25 12:00:00	23956.09	0.11261573	0.22714265	8.093806	218374160.0	0.025152598	0.11238348	0.14842957	-93.87203216552734
2019-05-26 12:00:00	23750.58	0.11275213	0.19893673	8.093712	218363140.0	0.025532562	0.11108464	0.14800002	-93.87203216552734
2019-05-27 12:00:00	23547.121	0.11294905	0.22060087	8.093752	218351780.0	0.025860239	0.108826496	0.14719287	-93.87203216552734
2019-05-28 12:00:00	23346.096	0.11292891	0.2405066	8.093635	218341660.0	0.026335811	0.107777365	0.14733064	-93.87203216552734
2019-05-29 12:00:00	23147.521	0.112859204	0.23469837	8.09339	218332060.0	0.026873417	0.10695843	0.14752042	-93.87203216552734
2019-05-30 12:00:00	22949.883	0.11275891	0.24238865	8.0930395	218322690.0	0.027430125	0.10625816	0.14775215	-93.87203216552734
2019-05-31 12:00:00	22753.287	0.11262389	0.23769157	8.092658	218313580.0	0.028012054	0.10593041	0.14798008	-93.87203216552734
2019-06-01 12:00:00	22558.396	0.11249824	0.23901996	8.092288	218304560.0	0.028594693	0.10595928	0.14804414	-93.87203216552734
2019-06-02 12:00:00	22365.357	0.11250071	0.18021992	8.091971	218294910.0	0.02908041	0.10616005	0.1475366	-93.87203216552734
2019-06-03 12:00:00	22171.396	0.11279522	0.1795001	8.0918045	218283580.0	0.029317772	0.10541542	0.14595452	-93.87203216552734
2019-06-04 12:00:00	21975.605	0.11301262	0.2037476	8.091648	218272690.0	0.02961346	0.10418779	0.14478591	-93.87203216552734
2019-06-05 12:00:00	21780.506	0.11311556	0.18742841	8.091453	218262420.0	0.029994015	0.10377611	0.14417753	-93.87203216552734
2019-06-06 12:00:00	21586.611	0.11331197	0.17670606	8.091257	218251660.0	0.030287474	0.10361872	0.14298064	-93.87203216552734
2019-06-07 12:00:00	21393.75	0.11355366	0.17535008	8.091116	218240690.0	0.030528102	0.103613645	0.14149651	-93.87203216552734
2019-06-08 12:00:00	21201.99	0.11375563	0.18937756	8.090979	218229870.0	0.03078621	0.10337929	0.14022018	-93.87203216552734
2019-06-09 12:00:00	21012.451	0.113693565	0.239405	8.090755	218220430.0	0.031246157	0.10230482	0.1400524	-93.87203216552734
2019-06-10 12:00:00	20827.898	0.11347043	0.20956777	8.090392	218212130.0	0.03187298	0.10217567	0.14036219	-93.87203216552734
2019-06-11 12:00:00	20647.945	0.113451615	0.17583899	8.0901375	218202750.0	0.03231427	0.10285623	0.13992086	-93.87203216552734
2019-06-12 12:00:00	20470.645	0.11353028	0.20206688	8.089924	218192910.0	0.032659717	0.1040549	0.1391092	-93.87203216552734
2019-06-13 12:00:00	20296.592	0.113445714	0.22420831	8.089648	218184110.0	0.033168647	0.10529571	0.13878728	-93.87203216552734
2019-06-14 12:00:00	20127.156	0.113137275	0.23572028	8.0892725	218176700.0	0.033894327	0.10649951	0.13898537	-93.87203216552734
2019-06-15 12:00:00	19963.656	0.112783976	0.23492196	8.088907	218169660.0	0.03467564	0.1082044	0.13924332	-93.87203216552734
2019-06-16 12:00:00	19805.754	0.11252512	0.19423158	8.088617	218162220.0	0.035369437	0.110117346	0.13928764	-93.87203216552734
2019-06-17 12:00:00	19650.617	0.11258562	0.1809587	8.088451	218153120.0	0.03575677	0.11206866	0.13847725	-93.87203216552734
2019-06-18 12:00:00	19496.385	0.112585336	0.21418278	8.0883	218144320.0	0.036200006	0.11397155	0.1376668	-93.87203216552734
2019-06-19 12:00:00	19344.875	0.11231307	0.22956711	8.088017	218137170.0	0.03693206	0.1155864	0.13752486	-93.87203216552734
2019-06-20 12:00:00	19197.436	0.111963436	0.23012067	8.08772	218130600.0	0.037765555	0.11716711	0.13755737	-93.87203216552734
2019-06-21 12:00:00	19053.2	0.111808576	0.16305527	8.087568	218123140.0	0.038425896	0.10898368	0.13718623	-93.87203216552734
2019-06-22 12:00:00	18907.168	0.11200695	0.1685606	8.087533	218113820.0	0.0387354	0.10221913	0.13613585	-93.87203216552734
2019-06-23 12:00:00	18759.059	0.11204447	0.20088519	8.087413	218105380.0	0.039215844	0.0989807	0.13542362	-93.87203216552734
2019-06-24 12:00:00	18611.027	0.11195227	0.19804999	8.0872755	218097810.0	0.039859302	0.09699268	0.13481303	-93.87203216552734
2019-06-25 12:00:00	18464.312	0.111795634	0.18820994	8.087174	218090600.0	0.04054992	0.095350526	0.1344281	-93.87203216552734
2019-06-26 12:00:00	18319.24	0.11182052	0.16815205	8.08705	218082400.0	0.041035008	0.09487396	0.13370451	-93.87203216552734
2019-06-27 12:00:00	18174.506	0.11184247	0.19923392	8.086902	218074060.0	0.041484695	0.094523214	0.13308944	-93.87203216552734
2019-06-28 12:00:00	18031.736	0.11162497	0.20703758	8.08663	218067120.0	0.04220886	0.09438689	0.13289434	-93.87203216552734
2019-06-29 12:00:00	17892.154	0.11148121	0.17134547	8.086384	218059900.0	0.04286835	0.09455825	0.13242117	-93.87203216552734
2019-06-30 12:00:00	17754.469	0.11151067	0.17971043	8.086214	218051820.0	0.043330677	0.095012255	0.13164715	-93.87203216552734
2019-07-01 12:00:00	17619.127	0.11141045	0.20169881	8.085975	218044510.0	0.04395094	0.09577282	0.13090907	-93.87203216552734
2019-07-02 12:00:00	17486.736	0.11129102	0.16543646	8.085877	218037390.0	0.04460685	0.09458798	0.13026701	-93.87203216552734
2019-07-03 12:00:00	17355.885	0.1112	0.21325827	8.085861	218030020.0	0.045172956	0.09385557	0.12976633	-93.87203216552734
2019-07-04 12:00:00	17228.45	0.11094119	0.19049789	8.085626	218023780.0	0.04599515	0.09397614	0.12936862	-93.87203216552734
2019-07-05 12:00:00	17103.064	0.110665	0.21611507	8.085394	218017580.0	0.046819154	0.094142035	0.12912759	-93.87203216552734
2019-07-06 12:00:00	16980.78	0.11026397	0.21616511	8.085108	218012320.0	0.047819868	0.09450645	0.12903665	-93.87203216552734
2019-07-07 12:00:00	16861.49	0.10986512	0.21582067	8.08482	218007120.0	0.048836675	0.095276125	0.12892343	-93.87203216552734
2019-07-08 12:00:00	16745.262	0.1094796	0.21187696	8.084515	218002000.0	0.04985431	0.09641104	0.12915993	-98.69970703125
2019-07-09 12:00:00	16631.316	0.109273404	0.16437154	8.084278	217995950.0	0.050655145	0.09736621	0.12902853	-98.69970703125
2019-07-10 12:00:00	16517.041	0.10921649	0.20264602	8.08411	217989140.0	0.05127856	0.096398756	0.12821455	-98.69970703125
2019-07-11 12:00:00	16403.336	0.10908714	0.15518995	8.083934	217982820.0	0.0520112	0.09453543	0.12783319	-98.69970703125
2019-07-12 12:00:00	16288.483	0.10909527	0.20133126	8.083896	217975730.0	0.05254936	0.09343307	0.12676407	-98.69970703125
2019-07-13 12:00:00	16175.045	0.10879196	0.20362149	8.083763	217970460.0	0.053506542	0.09307024	0.12730473	-98.69970703125
2019-07-14 12:00:00	16064.222	0.10845159	0.20820855	8.083566	217965540.0	0.0545374	0.09288019	0.12801461	-98.69970703125
2019-07-15 12:00:00	15955.919	0.1080833	0.20969439	8.083242	217960850.0	0.055614658	0.09307412	0.12879783	-98.69970703125
2019-07-16 12:00:00	15850.569	0.10775953	0.19918865	8.082948	217956050.0	0.056650028	0.09369388	0.12932515	-98.69970703125
2019-07-17 12:00:00	15748.165	0.10752181	0.1825697	8.082674	217950770.0	0.057551175	0.094510525	0.12929705	-98.69970703125
2019-07-18 12:00:00	15647.912	0.10734736	0.19806895	8.082415	217945090.0	0.058357563	0.09547237	0.1289211	-98.69970703125
2019-07-19 12:00:00	15550.282	0.107034855	0.20816801	8.082125	217940350.0	0.059379462	0.096566275	0.12931557	-98.69970703125
2019-07-20 12:00:00	15455.719	0.10666758	0.20704746	8.081828	217936000.0	0.060496498	0.09717624	0.12996164	-98.69970703125
2019-07-21 12:00:00	15363.736	0.106313586	0.2060302	8.0815735	217931780.0	0.061623544	0.0971487	0.1304787	-98.69970703125
2019-07-22 12:00:00	15273.945	0.106002	0.1965557	8.081316	217927460.0	0.06273042	0.097277164	0.13076137	-98.69970703125
2019-07-23 12:00:00	15185.548	0.10571481	0.20427008	8.081056	217923060.0	0.063819736	0.09787619	0.13087794	-98.69970703125
2019-07-24 12:00:00	15098.775	0.10538605	0.203759	8.080779	217918910.0	0.064965196	0.098807774	0.13106477	-98.69970703125
2019-07-25 12:00:00	15013.798	0.10508587	0.19508943	8.080584	217914750.0	0.06608799	0.099252336	0.13107231	-98.69970703125
2019-07-26 12:00:00	14930.045	0.10483222	0.19967917	8.080449	217910350.0	0.06717233	0.098114856	0.13087362	-98.69970703125
2019-07-27 12:00:00	14847.1455	0.104617454	0.18056136	8.080266	217905890.0	0.06821775	0.09780859	0.13050517	-98.69970703125
2019-07-28 12:00:00	14763.9	0.10457834	0.15838125	8.080087	217900240.0	0.068961516	0.098144606	0.12944691	-98.69970703125
2019-07-29 12:00:00	14679.414	0.10452558	0.19522354	8.0798855	217894540.0	0.06968842	0.09885158	0.12853862	-98.69970703125
2019-07-30 12:00:00	14595.964	0.104250304	0.19762631	8.079661	217890370.0	0.07080714	0.09955804	0.12853679	-98.69970703125
2019-07-31 12:00:00	14514.153	0.104003154	0.18498576	8.079473	217886050.0	0.07188988	0.099434495	0.12837768	-98.69970703125
2019-08-01 12:00:00	14433.233	0.103819154	0.18169811	8.079296	217881420.0	0.072855085	0.09958484	0.1280313	-98.69970703125
2019-08-02 12:00:00	14352.8	0.10364041	0.19510011	8.079076	217876820.0	0.073856734	0.10037803	0.1275871	-98.69970703125
2019-08-03 12:00:00	14273.482	0.103412904	0.17979266	8.078843	217872540.0	0.074933276	0.101491734	0.12724663	-98.69970703125
2019-08-04 12:00:00	14194.744	0.10332589	0.15869667	8.078681	217867400.0	0.07574622	0.10185752	0.12650466	-98.69970703125
2019-08-05 12:00:00	14115.157	0.1033006	0.1872131	8.078662	217861810.0	0.0764435	0.09769134	0.12558174	-98.69970703125
2019-08-06 12:00:00	14034.972	0.10307463	0.18736741	8.0786	217857660.0	0.07753603	0.0939911	0.12535037	-98.69970703125
2019-08-07 12:00:00	13954.658	0.10286124	0.18108289	8.078494	217853400.0	0.078602396	0.092939615	0.12508938	-98.69970703125
2019-08-08 12:00:00	13873.967	0.10267179	0.18586501	8.078359	217849000.0	0.07960752	0.092573054	0.124773234	-98.69970703125
2019-08-09 12:00:00	13793.3125	0.102440506	0.18486495	8.078229	217845010.0	0.08072387	0.0923783	0.12442212	-98.69970703125
2019-08-10 12:00:00	13713.028	0.10237213	0.13986434	8.078252	217839940.0	0.08152515	0.09175622	0.12349741	-98.69970703125
2019-08-11 12:00:00	13630.982	0.1025964	0.13597052	8.078402	217832910.0	0.081752405	0.09089334	0.12169749	-98.69970703125
2019-08-12 12:00:00	13546.316	0.10284066	0.13254093	8.078583	217825780.0	0.08194168	0.09038986	0.11988935	-98.69970703125
2019-08-13 12:00:00	13458.955	0.103111185	0.12876864	8.078804	217818430.0	0.08207053	0.0899539	0.118014336	-98.69970703125
2019-08-14 12:00:00	13369.644	0.10321758	0.18079418	8.078856	217812060.0	0.08246883	0.08953119	0.116857395	-98.69970703125
2019-08-15 12:00:00	13280.755	0.1029345	0.18398115	8.078683	217808020.0	0.083509214	0.08945441	0.11715177	-98.69970703125
2019-08-16 12:00:00	13193.404	0.10264115	0.18313669	8.078469	217804080.0	0.0845662	0.08945356	0.11734965	-98.69970703125
2019-08-17 12:00:00	13107.714	0.10235595	0.18247609	8.078185	217800200.0	0.08561866	0.08977089	0.117420524	-98.69970703125
2019-08-18 12:00:00	13024.14	0.10220164	0.14016141	8.077941	217795470.0	0.0864071	0.09057594	0.116977625	-98.69970703125
2019-08-19 12:00:00	12941.054	0.10222122	0.18059519	8.077784	217789730.0	0.08687006	0.09090735	0.11597551	-98.69970703125
2019-08-20 12:00:00	12860.206	0.10194623	0.17972766	8.077521	217785890.0	0.0878882	0.09135646	0.11598331	-98.69970703125
2019-08-21 12:00:00	12782.242	0.10167938	0.1788657	8.077267	217782000.0	0.08889883	0.0923476	0.11590136	-98.69970703125
2019-08-22 12:00:00	12706.259	0.10157241	0.13300186	8.077079	217777220.0	0.08961282	0.09346913	0.11528387	-98.69970703125
2019-08-23 12:00:00	12629.297	0.101737335	0.14719956	8.077003	217770830.0	0.08981069	0.0928275	0.11391644	-98.69970703125
2019-08-24 12:00:00	12551.251	0.10180877	0.137038	8.076979	217764860.0	0.090130255	0.092116974	0.11292824	-98.69970703125
2019-08-25 12:00:00	12472.365	0.10183419	0.16734035	8.076935	217759180.0	0.09052151	0.09109922	0.11202269	-98.69970703125
2019-08-26 12:00:00	12393.463	0.101662174	0.16254699	8.076807	217754820.0	0.09131384	0.09061382	0.1118384	-98.69970703125
2019-08-27 12:00:00	12314.48	0.10149361	0.16946964	8.076663	217750480.0	0.0920877	0.09026233	0.11163217	-98.69970703125
2019-08-28 12:00:00	12235.759	0.10126765	0.17027934	8.076455	217746560.0	0.09297397	0.09016755	0.11151069	-98.69970703125
2019-08-29 12:00:00	12157.816	0.101076685	0.15891907	8.076275	217742480.0	0.0938138	0.0901907	0.111246094	-98.69970703125
2019-08-30 12:00:00	12080.659	0.10092581	0.169227	8.076067	217738240.0	0.09458108	0.090352006	0.11082957	-98.69970703125
2019-08-31 12:00:00	12005.013	0.10070561	0.1677086	8.075832	217734400.0	0.09542121	0.09073431	0.11062455	-98.69970703125
2019-09-01 12:00:00	11931.278	0.100505404	0.16032004	8.075713	217730430.0	0.096223496	0.09035661	0.1103292	-98.69970703125
2019-09-02 12:00:00	11859.279	0.1003693	0.16315895	8.075681	217726140.0	0.09693199	0.08955416	0.10982759	-98.69970703125
2019-09-03 12:00:00	11789.002	0.10018944	0.16510645	8.075669	217722180.0	0.09769868	0.08866193	0.10948096	-98.69970703125
2019-09-04 12:00:00	11720.261	0.10014607	0.11982852	8.075891	217717390.0	0.09819879	0.08599399	0.10871023	-98.69970703125
2019-09-05 12:00:00	11649.421	0.100467876	0.1129799	8.076448	217710530.0	0.09809027	0.084029	0.10690491	-98.69970703125
2019-09-06 12:00:00	11577.422	0.10070518	0.14337371	8.076529	217704100.0	0.09804699	0.08376931	0.1054417	-98.69970703125
2019-09-07 12:00:00	11504.322	0.10064395	0.15331693	8.076388	217699220.0	0.098474815	0.08374498	0.10506815	-98.69970703125
2019-09-08 12:00:00	11431.354	0.10050001	0.15791646	8.07623	217694850.0	0.09903545	0.08376336	0.10488447	-98.69970703125
2019-09-09 12:00:00	11358.977	0.10030643	0.15991135	8.076051	217690780.0	0.09968244	0.08372294	0.104757704	-98.69970703125
2019-09-10 12:00:00	11287.885	0.10010792	0.15767492	8.075834	217686770.0	0.10032258	0.08401811	0.10461595	-98.69970703125
2019-09-11 12:00:00	11218.087	0.09992723	0.15731442	8.075668	217682660.0	0.10091937	0.08420583	0.10439292	-98.69970703125
2019-09-12 12:00:00	11150.337	0.099753484	0.15445727	8.0755625	217678540.0	0.10150255	0.08408925	0.104120165	-98.69970703125
2019-09-13 12:00:00	11085.003	0.09961502	0.15256351	8.0755205	217674300.0	0.10201442	0.08387737	0.10374043	-98.69970703125
2019-09-14 12:00:00	11021.057	0.099464506	0.15488754	8.0754595	217670160.0	0.10254515	0.0837407	0.10340641	-98.69970703125
2019-09-15 12:00:00	10958.2	0.09930302	0.15322645	8.075434	217666100.0	0.103091516	0.083443806	0.10310416	-98.69970703125
2019-09-16 12:00:00	10896.543	0.09916179	0.15142477	8.075499	217661980.0	0.103604846	0.08289951	0.10274124	-98.69970703125
2019-09-17 12:00:00	10835.785	0.09917173	0.1093817	8.075541	217657090.0	0.103831775	0.08256359	0.10190113	-98.69970703125
2019-09-18 12:00:00	10772.901	0.099522345	0.10399937	8.075588	217650270.0	0.10342388	0.08238351	0.09999129	-98.69970703125
2019-09-19 12:00:00	10707.122	0.099819094	0.12841894	8.075832	217643740.0	0.10309115	0.08158096	0.09836445	-98.69970703125
2019-09-20 12:00:00	10641.883	0.099871956	0.12632836	8.076181	217638370.0	0.10311475	0.07474634	0.09765057	-98.69970703125
2019-09-21 12:00:00	10577.599	0.100067794	0.10108131	8.076315	217632380.0	0.1029435	0.0731953	0.096468106	-98.69970703125
2019-09-22 12:00:00	10511.943	0.10041874	0.10427643	8.076597	217625570.0	0.10246691	0.072327495	0.0947081	-98.69970703125
2019-09-23 12:00:00	10446.222	0.10075714	0.097464606	8.076992	217618830.0	0.10197198	0.07117405	0.09302729	-98.69970703125
2019-09-24 12:00:00	10379.519	0.10114119	0.09634193	8.077259	217611870.0	0.10140122	0.070388615	0.09126661	-98.69970703125
2019-09-25 12:00:00	10309.937	0.101526834	0.09564464	8.0774555	217604930.0	0.10082395	0.06990229	0.089562334	-98.69970703125
2019-09-26 12:00:00	10237.626	0.10175891	0.12965359	8.077637	217598690.0	0.100468814	0.06905101	0.08842097	-98.69970703125
2019-09-27 12:00:00	10164.978	0.101705946	0.13122568	8.077564	217593740.0	0.10052268	0.06865329	0.08821335	-98.69970703125
2019-09-28 12:00:00	10092.602	0.10167386	0.11865198	8.077585	217588700.0	0.10051616	0.06847088	0.087882005	-98.69970703125
2019-09-29 12:00:00	10021.148	0.101767115	0.110057294	8.0777235	217583170.0	0.10031164	0.068203606	0.08712097	-98.69970703125
2019-09-30 12:00:00	9949.943	0.10191705	0.12014941	8.077828	217577440.0	0.10000621	0.06784046	0.08618056	-98.69970703125
2019-10-01 12:00:00	9878.346	0.102008455	0.10695601	8.077806	217571970.0	0.09978975	0.067618825	0.08544819	-98.69970703125
2019-10-02 12:00:00	9805.968	0.102224715	0.09941039	8.077871	217565860.0	0.09930269	0.067380056	0.084234506	-98.69970703125
2019-10-03 12:00:00	9732.924	0.10241327	0.12212749	8.077932	217559860.0	0.0988469	0.06719204	0.08315836	-98.69970703125
2019-10-04 12:00:00	9660.115	0.10235696	0.12727542	8.077794	217555000.0	0.098771855	0.06717821	0.08289309	-98.69970703125
2019-10-05 12:00:00	9588.264	0.10227623	0.12289334	8.077641	217550290.0	0.098708585	0.06725052	0.08266255	-98.69970703125
2019-10-06 12:00:00	9517.827	0.10232456	0.10360705	8.077606	217545020.0	0.09842942	0.06717911	0.08199294	-98.69970703125
2019-10-07 12:00:00	9449.685	0.102585986	0.08827691	8.078094	217538910.0	0.097822815	0.06630764	0.080688894	-98.69970703125
2019-10-08 12:00:00	9384.439	0.10297415	0.08788546	8.078703	217532400.0	0.09705636	0.06520543	0.079096206	-98.69970703125
2019-10-09 12:00:00	9320.391	0.103339836	0.091409974	8.079102	217525980.0	0.09631369	0.06462585	0.07762287	-98.69970703125
2019-10-10 12:00:00	9256.377	0.10364761	0.0940829	8.079297	217519820.0	0.095629275	0.06425546	0.07634208	-98.69970703125
2019-10-11 12:00:00	9191.801	0.103928216	0.09208903	8.079388	217513760.0	0.0949608	0.06398452	0.07515671	-98.69970703125
2019-10-12 12:00:00	9126.039	0.10423723	0.09250897	8.079381	217507620.0	0.094268285	0.06385718	0.07394336	-98.69970703125
2019-10-13 12:00:00	9059.58	0.10437098	0.12052777	8.079318	217502100.0	0.09375706	0.06373873	0.07319021	-98.69970703125
2019-10-14 12:00:00	8994.382	0.104281366	0.11225583	8.079224	217497400.0	0.09355025	0.063634396	0.0730529	-98.69970703125
2019-10-15 12:00:00	8930.17	0.10439195	0.087287985	8.0791235	217492080.0	0.09307315	0.06355893	0.07235825	-98.69970703125
2019-10-16 12:00:00	8865.413	0.104607284	0.1144849	8.079017	217486480.0	0.09248304	0.06348974	0.071434446	-98.69970703125
2019-10-17 12:00:00	8801.377	0.10464693	0.09301277	8.078915	217481460.0	0.09209067	0.063420065	0.07094703	-98.69970703125
2019-10-18 12:00:00	8737.739	0.10490798	0.08618237	8.078935	217475700.0	0.09138265	0.06319882	0.07017196	-93.87203216552734
2019-10-19 12:00:00	8673.516	0.10526401	0.08125564	8.079032	217469710.0	0.09060331	0.06298097	0.069191635	-93.87203216552734
2019-10-20 12:00:00	8609.377	0.105561815	0.09572884	8.079201	217463890.0	0.08984979	0.06266624	0.068345636	-93.87203216552734
2019-10-21 12:00:00	8546.8	0.1058221	0.08156922	8.079378	217458190.0	0.0891368	0.062098846	0.06760264	-93.87203216552734
2019-10-22 12:00:00	8484.283	0.10606612	0.10508042	8.079437	217452600.0	0.08844163	0.06181783	0.06684922	-93.87203216552734
2019-10-23 12:00:00	8422.798	0.106147476	0.0907499	8.079488	217447540.0	0.08792721	0.061597202	0.06648209	-93.87203216552734
2019-10-24 12:00:00	8361.78	0.106323905	0.09551981	8.079478	217442130.0	0.087238714	0.061438117	0.06587467	-93.87203216552734
2019-10-25 12:00:00	8301.052	0.10647006	0.093839206	8.079456	217436820.0	0.0865683	0.061317626	0.06532673	-93.87203216552734
2019-10-26 12:00:00	8240.73	0.10666607	0.08467006	8.079429	217431440.0	0.08587498	0.061189197	0.06467707	-93.87203216552734
2019-10-27 12:00:00	8180.1597	0.106973514	0.08057657	8.079392	217425810.0	0.08506892	0.061085653	0.063731596	-93.87203216552734
2019-10-28 12:00:00	8119.3433	0.10721557	0.09967136	8.07941	217420350.0	0.084337115	0.060907997	0.062994584	-93.87203216552734
2019-10-29 12:00:00	8060.026	0.10727239	0.09337141	8.079469	217415470.0	0.083769485	0.060686827	0.062706314	-93.87203216552734
2019-10-30 12:00:00	8002.1294	0.10740053	0.092149794	8.079545	217410400.0	0.08313913	0.06042597	0.062227577	-93.87203216552734
2019-10-31 12:00:00	7946.327	0.10756837	0.08337013	8.079845	217405260.0	0.08245809	0.05988843	0.06162268	-93.87203216552734
2019-11-01 12:00:00	7893.094	0.10786163	0.08124195	8.08024	217399860.0	0.081686564	0.059086468	0.0607498	-93.87203216552734
2019-11-02 12:00:00	7841.547	0.10808539	0.09044158	8.0805025	217394620.0	0.080961846	0.05865067	0.06003344	-93.87203216552734
2019-11-03 12:00:00	7791.269	0.108186096	0.099116474	8.080616	217389780.0	0.080357224	0.058329977	0.059626486	-93.87203216552734
2019-11-04 12:00:00	7742.2656	0.10821164	0.089442424	8.080661	217385100.0	0.07983237	0.058061946	0.05939389	-93.87203216552734
2019-11-05 12:00:00	7693.409	0.10830084	0.09753969	8.080541	217380340.0	0.079245515	0.05809671	0.05898592	-93.87203216552734
2019-11-06 12:00:00	7644.7656	0.10828376	0.098015636	8.080445	217375860.0	0.078752056	0.057975695	0.058814872	-93.87203216552734
2019-11-07 12:00:00	7596.7344	0.10841094	0.07271685	8.080385	217371060.0	0.07815337	0.057852417	0.058314644	-93.87203216552734
2019-11-08 12:00:00	7548.075	0.10882687	0.07188024	8.080409	217365710.0	0.07731185	0.057795312	0.0577824	-10.54916763305664
2019-11-09 12:00:00	7498.879	0.10913456	0.0876599	8.08039	217360590.0	0.07654043	0.057848714	0.057781674	-10.54916763305664
2019-11-10 12:00:00	7450.102	0.10937137	0.07098322	8.080494	217355660.0	0.07584963	0.05747647	0.057480637	-10.54916763305664
2019-11-11 12:00:00	7401.455	0.10972944	0.08311208	8.080877	217350510.0	0.07507979	0.05684049	0.05683255	-10.54916763305664
2019-11-12 12:00:00	7355.6323	0.10985429	0.090634175	8.081224	217345840.0	0.07444483	0.05598248	0.055973656	-10.54916763305664
2019-11-13 12:00:00	7312.581	0.109861374	0.09527471	8.081515	217341390.0	0.07391402	0.055460095	0.055450045	-10.54916763305664
2019-11-14 12:00:00	7271.2207	0.10992857	0.0735624	8.081595	217336880.0	0.07334206	0.055184364	0.055180486	-10.54916763305664
2019-11-15 12:00:00	7229.794	0.110285446	0.07349839	8.081791	217331870.0	0.07254759	0.054627266	0.05461586	-10.54916763305664
2019-11-16 12:00:00	7188.868	0.110627994	0.071469754	8.082044	217326910.0	0.071767144	0.053867485	0.05385625	-10.54916763305664
2019-11-17 12:00:00	7147.2324	0.11099951	0.06842343	8.082054	217321970.0	0.070975676	0.053618174	0.05361427	-10.54916763305664
2019-11-18 12:00:00	7104.297	0.11140955	0.06801431	8.082063	217316960.0	0.07017181	0.053386535	0.05338267	-10.54916763305664
2019-11-19 12:00:00	7060.1094	0.1116949	0.08579254	8.08201	217312180.0	0.06945901	0.053152934	0.053149693	-10.54916763305664
2019-11-20 12:00:00	7015.4375	0.11187453	0.06748118	8.081941	217307620.0	0.06882744	0.052956272	0.05295443	-10.54916763305664
2019-11-21 12:00:00	6969.971	0.11225475	0.07218537	8.08192	217302740.0	0.068040006	0.052819643	0.05281879	-10.54916763305664
2019-11-22 12:00:00	6925.0693	0.11245717	0.085549966	8.082234	217298080.0	0.06734668	0.052396473	0.05238793	-10.54916763305664
2019-11-23 12:00:00	6883.7534	0.112544805	0.07547931	8.082731	217293650.0	0.06675704	0.0515683	0.051559273	-10.54916763305664
2019-11-24 12:00:00	6844.995	0.11274924	0.07854662	8.083051	217289120.0	0.06611158	0.05100056	0.050996143	-10.54916763305664
2019-11-25 12:00:00	6807.4517	0.11296289	0.06748	8.083251	217284620.0	0.06544767	0.050626837	0.05062201	-10.54916763305664
2019-11-26 12:00:00	6770.1753	0.11329954	0.07238042	8.083451	217279970.0	0.064737774	0.050191436	0.050184548	-10.54916763305664
2019-11-27 12:00:00	6732.6733	0.11346875	0.08556521	8.08347	217275570.0	0.06416278	0.049967486	0.049963858	-10.54916763305664
2019-11-28 12:00:00	6696.0737	0.11344049	0.08562669	8.083569	217271470.0	0.06368974	0.049631715	0.04962319	-10.54916763305664
2019-11-29 12:00:00	6660.8745	0.11346763	0.07749073	8.08369	217267340.0	0.063196644	0.049287066	0.04928152	-10.54916763305664
2019-11-30 12:00:00	6627.371	0.11359118	0.07697878	8.0841	217263100.0	0.06263904	0.048434168	0.04842187	-10.54916763305664
2019-12-01 12:00:00	6597.052	0.113728955	0.07530404	8.084672	217258820.0	0.062040728	0.047463827	0.047456328	-10.54916763305664
2019-12-02 12:00:00	6569.055	0.11396306	0.06536837	8.085098	217254460.0	0.06141107	0.046885107	0.046879705	-10.54916763305664
2019-12-03 12:00:00	6541.3843	0.11432128	0.06650473	8.085303	217249980.0	0.060722515	0.046444595	0.04643898	-10.54916763305664
2019-12-04 12:00:00	6512.755	0.11460422	0.07527832	8.085502	217245630.0	0.060108587	0.046027187	0.04602507	-10.54916763305664
2019-12-05 12:00:00	6485.2324	0.114805356	0.063338704	8.085885	217241400.0	0.059550423	0.045610815	0.04560574	-10.54916763305664
2019-12-06 12:00:00	6458.4224	0.11511752	0.07241429	8.0861	217237140.0	0.058942314	0.045163795	0.045157876	-10.54916763305664
2019-12-07 12:00:00	6431.8584	0.11534225	0.06688091	8.086384	217232940.0	0.058401912	0.044750784	0.04474677	-10.54916763305664
2019-12-08 12:00:00	6406.1367	0.11549018	0.08429795	8.086686	217228820.0	0.057862252	0.044460524	0.044454504	-10.54916763305664
2019-12-09 12:00:00	6381.0244	0.115447566	0.0762945	8.086796	217224960.0	0.05747632	0.044281453	0.044278774	-10.54916763305664
2019-12-10 12:00:00	6357.062	0.115571894	0.066926524	8.0871725	217220910.0	0.056972224	0.043864537	0.043858957	-10.54916763305664
2019-12-11 12:00:00	6334.1797	0.115775585	0.07696149	8.087436	217216830.0	0.056452528	0.0435339	0.043531034	-10.54916763305664
2019-12-12 12:00:00	6311.392	0.11577335	0.07996371	8.087406	217213020.0	0.056073524	0.043400202	0.043394476	-10.54916763305664
2019-12-13 12:00:00	6288.3013	0.11579337	0.06954703	8.087314	217209120.0	0.05566368	0.04336904	0.04336106	-10.54916763305664
2019-12-14 12:00:00	6264.6587	0.1160306	0.06860533	8.087291	217205070.0	0.055131245	0.043284148	0.043279774	-10.54916763305664
2019-12-15 12:00:00	6240.6074	0.1162654	0.06233749	8.087283	217201040.0	0.054585967	0.043077912	0.043073364	-10.54916763305664
2019-12-16 12:00:00	6215.834	0.1165853	0.065671794	8.087213	217196930.0	0.05403163	0.04286481	0.04286387	-10.54916763305664
2019-12-17 12:00:00	6190.53	0.11672034	0.081604674	8.08729	217193000.0	0.053588524	0.042699706	0.042694274	-10.54916763305664
2019-12-18 12:00:00	6166.4814	0.116688885	0.06884096	8.087389	217189260.0	0.053228114	0.042561665	0.042559594	-10.54916763305664
2019-12-19 12:00:00	6142.9224	0.11676488	0.07925106	8.08741	217185380.0	0.052781507	0.042429563	0.042427916	-10.54916763305664
2019-12-20 12:00:00	6119.137	0.11681634	0.0631824	8.087416	217181600.0	0.052419912	0.04229558	0.0422943	-10.54916763305664
2019-12-21 12:00:00	6096.332	0.11711316	0.06278417	8.087889	217177570.0	0.051889982	0.041980498	0.04197739	-10.54916763305664
2019-12-22 12:00:00	6075.351	0.11739411	0.06435821	8.088391	217173580.0	0.05134659	0.041731074	0.04172753	-10.54916763305664
2019-12-23 12:00:00	6055.9106	0.117627114	0.06622819	8.088832	217169580.0	0.05079671	0.04145207	0.04144946	-10.54916763305664
2019-12-24 12:00:00	6037.336	0.11780419	0.06806584	8.089133	217165600.0	0.050233047	0.041268226	0.04126598	-10.54916763305664
2019-12-25 12:00:00	6018.927	0.1179318	0.069608025	8.0893345	217161660.0	0.049661428	0.041114155	0.041129094	-12.701135635375977
2019-12-26 12:00:00	5999.113	0.11802786	0.07130267	8.08956	217157680.0	0.049108274	0.04106301	0.041143104	-16.55437660217285
2019-12-27 12:00:00	5980.973	0.117999576	0.07960774	8.089759	217153800.0	0.048583694	0.040992912	0.04098741	-10.54916763305664
2019-12-28 12:00:00	5964.9873	0.11783383	0.078103036	8.090122	217149920.0	0.04808218	0.040720332	0.04071596	-10.54916763305664
2019-12-29 12:00:00	5951.1377	0.117570646	0.09204578	8.090421	217145900.0	0.04749853	0.040576022	0.04057348	-10.54916763305664
2019-12-30 12:00:00	5939.374	0.11708345	0.088390864	8.090584	217141730.0	0.046880547	0.04056411	0.040559754	-10.54916763305664
2019-12-31 12:00:00	5929.3223	0.11670281	0.08772546	8.090682	217137180.0	0.046222907	0.04050028	0.04049591	-10.54916763305664
