DATE	ocean_colour	BGC_Argo_chl_0m_to_45m	BGC_Argo_no3_0m_to_45m	BGC_Argo_po4_0m_to_45m	BGC_Argo_POC_0m_to_45m	BGC_Argo_o2_0m_to_45m	BGC_Argo_DIC_0m_to_45m	BGC_Argo_pH_0m_to_45m
2015-01-01 12:00:00	0.654306	0.654306	1.8745081	0.37786344	0.7397747	326.7898	1229.0465	7.7280817
2015-01-02 12:00:00	0.64957416	0.64957416	1.8770975	0.3780725	0.7336549	327.16312	1229.1472	7.727585
2015-01-03 12:00:00	0.64186263	0.64186263	1.8818963	0.37845427	0.7230547	327.8819	1229.3351	7.72677
2015-01-04 12:00:00	0.6354089	0.6354089	1.8864789	0.37881863	0.71364415	328.64203	1229.648	7.725397
2015-01-05 12:00:00	0.6326196	0.6326196	1.8904934	0.37914854	0.70681703	329.46667	1229.9369	7.724125
2015-01-06 12:00:00	0.63242716	0.63242716	1.8940349	0.3794459	0.7020449	330.30554	1230.1415	7.7233205
2015-01-07 12:00:00	0.6303274	0.6303274	1.8978304	0.3797565	0.6962763	331.10736	1230.2771	7.722977
2015-01-08 12:00:00	0.62699884	0.62699884	1.9017714	0.3800726	0.68963796	331.9511	1230.4742	7.722249
2015-01-09 12:00:00	0.61699384	0.61699384	1.9066764	0.38043708	0.678221	332.73035	1230.5962	7.7212315
2015-01-10 12:00:00	0.6042992	0.6042992	1.9119266	0.38080317	0.66384983	333.44968	1230.6641	7.720174
2015-01-11 12:00:00	0.592482	0.592482	1.9170407	0.38115376	0.65027636	334.16064	1230.7996	7.7187524
2015-01-12 12:00:00	0.58696723	0.58696723	1.9212897	0.3814594	0.6410824	335.01144	1231.2141	7.7150793
2015-01-13 12:00:00	0.58060837	0.58060837	1.925632	0.38176796	0.6320674	335.94247	1231.5012	7.712064
2015-01-14 12:00:00	0.5670885	0.5670885	1.9309849	0.3821174	0.61887926	336.75348	1231.5459	7.7098255
2015-01-15 12:00:00	0.5585747	0.5585747	1.9355559	0.38241088	0.6085832	337.5116	1231.5095	7.708252
2015-01-16 12:00:00	0.55197674	0.55197674	1.9398991	0.38270086	0.59927964	338.31616	1231.585	7.7070255
2015-01-17 12:00:00	0.54992276	0.54992276	1.9434751	0.38293442	0.592425	339.0895	1231.6227	7.705338
2015-01-18 12:00:00	0.5551213	0.5551213	1.9459356	0.3831082	0.58941144	339.84183	1231.7007	7.704059
2015-01-19 12:00:00	0.5596031	0.5596031	1.9484379	0.38328376	0.58619124	340.60458	1231.7705	7.703373
2015-01-20 12:00:00	0.562879	0.562879	1.9510026	0.38345408	0.5825112	341.3288	1231.7614	7.702939
2015-01-21 12:00:00	0.562619	0.562619	1.9540612	0.38365266	0.5761995	342.02756	1231.7283	7.7026267
2015-01-22 12:00:00	0.5629505	0.5629505	1.9569546	0.38383275	0.56978565	342.63727	1231.6606	7.702254
2015-01-23 12:00:00	0.568797	0.568797	1.9590007	0.38396668	0.5661529	343.2214	1231.6748	7.701502
2015-01-24 12:00:00	0.57358843	0.57358843	1.9611536	0.38410774	0.5611826	343.7793	1231.6973	7.7008376
2015-01-25 12:00:00	0.57529	0.57529	1.9637557	0.38427782	0.5549961	344.40524	1231.674	7.7008834
2015-01-26 12:00:00	0.58137405	0.58137405	1.9655772	0.3843918	0.5506644	345.08734	1231.622	7.7007265
2015-01-27 12:00:00	0.5838352	0.5838352	1.9678719	0.38453016	0.54394	345.7017	1231.5211	7.7006702
2015-01-28 12:00:00	0.58200544	0.58200544	1.9707309	0.38468882	0.53457	346.27576	1231.2642	7.701381
2015-01-29 12:00:00	0.5791525	0.5791525	1.9738525	0.38487643	0.5249946	346.86453	1231.1426	7.701457
2015-01-30 12:00:00	0.5855304	0.5855304	1.975431	0.38495424	0.5210822	347.4577	1230.8447	7.7027993
2015-01-31 12:00:00	0.593001	0.593001	1.9767848	0.3850212	0.51831204	348.0791	1230.7167	7.70299
2015-02-01 12:00:00	0.59529185	0.59529185	1.9788404	0.38512075	0.5139099	348.58365	1230.5627	7.7028837
2015-02-02 12:00:00	0.6081622	0.6081622	1.9792117	0.38511586	0.51376784	349.18112	1230.3538	7.7036424
2015-02-03 12:00:00	0.6320329	0.6320329	1.9777507	0.38499957	0.5175848	349.82773	1230.2048	7.704064
2015-02-04 12:00:00	0.656266	0.656266	1.9761208	0.38487726	0.5203691	350.4836	1230.1299	7.7040462
2015-02-05 12:00:00	0.6837229	0.6837229	1.9738746	0.3847201	0.52306414	351.13846	1230.0947	7.703778
2015-02-06 12:00:00	0.7221837	0.7221837	1.9697158	0.38443947	0.52893305	351.7507	1230.0377	7.7034187
2015-02-07 12:00:00	0.7672031	0.7672031	1.9643154	0.3840821	0.53564376	352.31082	1229.9685	7.703076
2015-02-08 12:00:00	0.8066203	0.8066203	1.959566	0.3837667	0.53980255	352.82822	1229.7709	7.703375
2015-02-09 12:00:00	0.8588582	0.8588582	1.9526336	0.3833191	0.5459247	353.41046	1229.5762	7.704315
2015-02-10 12:00:00	0.9289885	0.9289885	1.9425424	0.38266915	0.55534625	353.9913	1229.4338	7.704346
2015-02-11 12:00:00	1.0097277	1.0097277	1.9303991	0.3818877	0.5657649	354.4835	1229.2765	7.704137
2015-02-12 12:00:00	1.0908145	1.0908145	1.9178168	0.38108134	0.5769591	354.8951	1229.1207	7.703938
2015-02-13 12:00:00	1.1618928	1.1618928	1.9064776	0.38035682	0.58703655	355.23755	1228.9978	7.7036815
2015-02-14 12:00:00	1.2336916	1.2336916	1.89474	0.37960675	0.5958183	355.5445	1228.8827	7.703427
2015-02-15 12:00:00	1.3462489	1.3462489	1.8762865	0.378424	0.6082991	355.87958	1228.7034	7.7036934
2015-02-16 12:00:00	1.4788648	1.4788648	1.8539898	0.37700444	0.62320894	356.23923	1228.392	7.7049403
2015-02-17 12:00:00	1.6138847	1.6138847	1.8306504	0.37553078	0.6383496	356.66464	1228.1133	7.7060046
2015-02-18 12:00:00	1.8050373	1.8050373	1.797781	0.37345016	0.65841705	357.20044	1227.8345	7.707148
2015-02-19 12:00:00	2.0037923	2.0037923	1.7626231	0.37122867	0.6794145	357.67767	1227.522	7.707751
2015-02-20 12:00:00	2.2322109	2.2322109	1.7218907	0.36864972	0.70552325	358.14417	1227.1642	7.7084403
2015-02-21 12:00:00	2.4683578	2.4683578	1.6785895	0.3659136	0.73592126	358.58374	1226.8086	7.7091985
2015-02-22 12:00:00	2.6210806	2.6210806	1.6469393	0.36392537	0.7608235	358.8189	1226.4253	7.7092743
2015-02-23 12:00:00	2.8368886	2.8368886	1.6049932	0.36125234	0.79037696	359.1515	1226.0507	7.709625
2015-02-24 12:00:00	3.008418	3.008418	1.5680406	0.3589222	0.8197061	359.40735	1225.7258	7.7095494
2015-02-25 12:00:00	3.2042272	3.2042272	1.5268282	0.35626698	0.8506397	359.70453	1225.3523	7.7095065
2015-02-26 12:00:00	3.4750533	3.4750533	1.4726427	0.3527189	0.89087725	360.0707	1224.9116	7.709971
2015-02-27 12:00:00	3.6464336	3.6464336	1.4313105	0.35001332	0.9335027	360.3012	1224.573	7.7095637
2015-02-28 12:00:00	3.7070048	3.7070048	1.4048898	0.3482947	0.9760254	360.35623	1224.3561	7.7079144
2015-03-01 12:00:00	3.678085	3.678085	1.3902006	0.3473789	1.0144142	360.32632	1224.2261	7.705366
2015-03-02 12:00:00	3.592114	3.592114	1.383153	0.34698722	1.0485272	360.21414	1224.0994	7.702789
2015-03-03 12:00:00	3.4994195	3.4994195	1.3773489	0.34664658	1.0800753	360.11096	1223.9102	7.7002606
2015-03-04 12:00:00	3.4319205	3.4319205	1.3687177	0.34606656	1.1150368	360.0761	1223.7162	7.697697
2015-03-05 12:00:00	3.3582933	3.3582933	1.361054	0.34554684	1.1506773	360.01508	1223.4675	7.695063
2015-03-06 12:00:00	3.2645772	3.2645772	1.3568175	0.3452914	1.1837031	359.95084	1223.3652	7.6916356
2015-03-07 12:00:00	3.1549597	3.1549597	1.355622	0.3452655	1.2152778	359.8682	1223.2737	7.688096
2015-03-08 12:00:00	3.047541	3.047541	1.3556432	0.3452999	1.2401628	359.75034	1223.1246	7.6846213
2015-03-09 12:00:00	2.9556155	2.9556155	1.3551643	0.34525773	1.253948	359.6005	1222.9474	7.6810646
2015-03-10 12:00:00	2.8730536	2.8730536	1.3545731	0.34518698	1.2567247	359.41376	1222.8169	7.6771765
2015-03-11 12:00:00	2.790765	2.790765	1.3548208	0.3451759	1.2502468	359.21002	1222.6631	7.673575
2015-03-12 12:00:00	2.7160828	2.7160828	1.3549981	0.34514734	1.2412024	359.0182	1222.4489	7.670452
2015-03-13 12:00:00	2.6485648	2.6485648	1.354947	0.34509566	1.2282865	358.85626	1222.3209	7.6666784
2015-03-14 12:00:00	2.583372	2.583372	1.3551335	0.34506312	1.2054157	358.70352	1222.1028	7.663635
2015-03-15 12:00:00	2.5199764	2.5199764	1.3555928	0.3450488	1.1756246	358.5536	1221.7952	7.661087
2015-03-16 12:00:00	2.4594152	2.4594152	1.3561714	0.3450356	1.1466562	358.39392	1221.4868	7.6585126
2015-03-17 12:00:00	2.4012187	2.4012187	1.3568296	0.34502488	1.1112131	358.22534	1221.1497	7.656195
2015-03-18 12:00:00	2.348954	2.348954	1.3570356	0.34497684	1.0735765	358.0261	1220.7844	7.6540794
2015-03-19 12:00:00	2.3002334	2.3002334	1.3569914	0.3449127	1.0455469	357.80612	1220.4509	7.6520424
2015-03-20 12:00:00	2.2535827	2.2535827	1.3568577	0.34484348	1.0194528	357.56195	1220.3021	7.6487045
2015-03-21 12:00:00	2.2044268	2.2044268	1.357268	0.34481364	0.9927317	357.28183	1220.1992	7.6453247
2015-03-22 12:00:00	2.1454568	2.1454568	1.3591669	0.34488967	0.9635602	357.0044	1219.8372	7.644171
2015-03-23 12:00:00	2.0972004	2.0972004	1.3600605	0.34489372	0.93516797	356.89215	1219.434	7.6442847
2015-03-24 12:00:00	2.0591874	2.0591874	1.3597229	0.34480911	0.9047398	356.79486	1219.2368	7.6423554
2015-03-25 12:00:00	2.0161078	2.0161078	1.3601933	0.34478417	0.86752164	356.67816	1219.0548	7.640354
2015-03-26 12:00:00	1.9733882	1.9733882	1.3608422	0.34476924	0.83333606	356.552	1218.8954	7.6381793
2015-03-27 12:00:00	1.9309577	1.9309577	1.3615842	0.34476152	0.8115668	356.35468	1218.4297	7.638332
2015-03-28 12:00:00	1.8898298	1.8898298	1.3623818	0.34475583	0.78940076	356.1584	1218.2773	7.6363645
2015-03-29 12:00:00	1.8552294	1.8552294	1.3624699	0.34469998	0.7678736	355.94604	1218.1134	7.634639
2015-03-30 12:00:00	1.8165358	1.8165358	1.3631457	0.3446796	0.74451506	355.65427	1217.5095	7.6358356
2015-03-31 12:00:00	1.7767316	1.7767316	1.3641509	0.3446622	0.72543573	355.30804	1216.5983	7.6390424
2015-04-01 12:00:00	1.7386675	1.7386675	1.365205	0.3446615	0.7056008	355.0734	1215.8055	7.6426454
2015-04-02 12:00:00	1.7086309	1.7086309	1.3653541	0.34459585	0.68330395	354.90024	1215.1887	7.6447577
2015-04-03 12:00:00	1.6923469	1.6923469	1.3637257	0.34442344	0.6684759	354.79956	1214.722	7.6463137
2015-04-04 12:00:00	1.6777412	1.6777412	1.3618488	0.34424105	0.663115	354.67593	1214.4255	7.6463733
2015-04-05 12:00:00	1.6622725	1.6622725	1.360123	0.3440758	0.6594596	354.49426	1214.2635	7.6454215
2015-04-06 12:00:00	1.6460834	1.6460834	1.3585564	0.3439261	0.6555331	354.26254	1214.1196	7.644445
2015-04-07 12:00:00	1.6274853	1.6274853	1.3574251	0.3438092	0.65091103	354.02878	1213.9222	7.644079
2015-04-08 12:00:00	1.6038417	1.6038417	1.3571509	0.3437517	0.6445265	353.76636	1213.6355	7.644472
2015-04-09 12:00:00	1.5806103	1.5806103	1.356967	0.34369963	0.6355862	353.47284	1213.3098	7.6450105
2015-04-10 12:00:00	1.5606892	1.5606892	1.3564545	0.34362411	0.6253021	353.1235	1213.1422	7.6442957
2015-04-11 12:00:00	1.5427746	1.5427746	1.3557737	0.3435375	0.61418843	352.73108	1212.9976	7.643537
2015-04-12 12:00:00	1.5264542	1.5264542	1.3549573	0.34344152	0.6061066	352.23856	1212.7518	7.643401
2015-04-13 12:00:00	1.5094835	1.5094835	1.3543129	0.34335935	0.60186505	351.74252	1212.1396	7.646137
2015-04-14 12:00:00	1.4940575	1.4940575	1.3535048	0.34326386	0.5973755	351.2936	1211.5391	7.6488943
2015-04-15 12:00:00	1.4734392	1.4734392	1.3535705	0.3432334	0.58904517	350.88852	1211.0752	7.6515374
2015-04-16 12:00:00	1.4512105	1.4512105	1.3540277	0.3432221	0.57879347	350.47794	1210.596	7.653656
2015-04-17 12:00:00	1.437708	1.437708	1.3533894	0.34313792	0.57547235	350.06537	1210.142	7.6556215
2015-04-18 12:00:00	1.4263504	1.4263504	1.3524964	0.34303895	0.5778412	349.66324	1209.8708	7.656178
2015-04-19 12:00:00	1.417163	1.417163	1.3513241	0.34292215	0.58095145	349.2312	1209.7186	7.6555414
2015-04-20 12:00:00	1.4080963	1.4080963	1.3501831	0.34281164	0.58438027	348.76248	1209.5741	7.654639
2015-04-21 12:00:00	1.3999456	1.3999456	1.3489426	0.34269595	0.5878295	348.226	1209.387	7.6539083
2015-04-22 12:00:00	1.3924934	1.3924934	1.3476315	0.342577	0.5904952	347.6569	1209.1965	7.6530566
2015-04-23 12:00:00	1.3851241	1.3851241	1.3463458	0.34246013	0.590883	347.06708	1209.0718	7.6516423
2015-04-24 12:00:00	1.3769306	1.3769306	1.3452202	0.34235415	0.5893832	346.4299	1208.7034	7.6518927
2015-04-25 12:00:00	1.3639108	1.3639108	1.3448477	0.34229955	0.5868111	345.81323	1208.322	7.652245
2015-04-26 12:00:00	1.3487804	1.3487804	1.3448957	0.34226573	0.5849256	345.24203	1208.0765	7.6516275
2015-04-27 12:00:00	1.3329577	1.3329577	1.3451085	0.34223306	0.5827805	344.7086	1207.7783	7.6509776
2015-04-28 12:00:00	1.3149511	1.3149511	1.3457603	0.3422293	0.58006245	344.1595	1207.5155	7.650382
2015-04-29 12:00:00	1.3023795	1.3023795	1.3457489	0.34219092	0.5801897	343.6519	1207.2902	7.6496253
2015-04-30 12:00:00	1.2954178	1.2954178	1.3448917	0.34210485	0.58366287	343.12726	1206.9846	7.6493893
2015-05-01 12:00:00	1.2885326	1.2885326	1.3439926	0.34201545	0.58665234	342.5689	1206.6183	7.649225
2015-05-02 12:00:00	1.2803398	1.2803398	1.3433	0.34192735	0.5880875	342.01996	1206.343	7.647957
2015-05-03 12:00:00	1.27609	1.27609	1.3420677	0.34181872	0.5893937	341.4232	1206.0597	7.6471553
2015-05-04 12:00:00	1.2731535	1.2731535	1.340609	0.34169787	0.5900685	340.8238	1205.8297	7.645716
2015-05-05 12:00:00	1.263257	1.263257	1.3401185	0.3416173	0.5898219	340.08264	1205.1418	7.6471133
2015-05-06 12:00:00	1.2492837	1.2492837	1.3403897	0.34160182	0.593417	339.4384	1204.6768	7.647256
2015-05-07 12:00:00	1.2385874	1.2385874	1.3402457	0.3415572	0.5993587	338.74026	1204.1221	7.647877
2015-05-08 12:00:00	1.2320619	1.2320619	1.3395448	0.34148672	0.60459226	338.071	1203.7714	7.6472483
2015-05-09 12:00:00	1.2279752	1.2279752	1.3384835	0.34139594	0.60940385	337.4189	1203.473	7.6461945
2015-05-10 12:00:00	1.2201122	1.2201122	1.3380305	0.34134156	0.6156715	336.78186	1203.2615	7.6444454
2015-05-11 12:00:00	1.2070531	1.2070531	1.3384123	0.3413424	0.62182724	336.1473	1202.827	7.6445656
2015-05-12 12:00:00	1.2005281	1.2005281	1.3379121	0.3412891	0.6300317	335.55634	1202.5531	7.6432557
2015-05-13 12:00:00	1.1926618	1.1926618	1.3376482	0.34124538	0.63717705	334.88278	1202.1409	7.6427073
2015-05-14 12:00:00	1.1847258	1.1847258	1.3374232	0.3412023	0.6436569	334.24225	1201.4612	7.64445
2015-05-15 12:00:00	1.1808281	1.1808281	1.3366208	0.3411349	0.6502458	333.62482	1201.0344	7.6442075
2015-05-16 12:00:00	1.1789974	1.1789974	1.3355485	0.34104896	0.65735805	332.94946	1200.799	7.642201
2015-05-17 12:00:00	1.1719047	1.1719047	1.3353236	0.34101862	0.664602	332.27002	1200.5316	7.640913
2015-05-18 12:00:00	1.1643673	1.1643673	1.3351756	0.34099814	0.6700026	331.69574	1199.9843	7.642182
2015-05-19 12:00:00	1.1591735	1.1591735	1.3347119	0.340957	0.67692643	331.12375	1199.5452	7.6423483
2015-05-20 12:00:00	1.1497295	1.1497295	1.3349049	0.34094384	0.68277067	330.48083	1199.1594	7.641399
2015-05-21 12:00:00	1.146098	1.146098	1.3344063	0.34089467	0.69015443	329.93045	1199.0355	7.6387534
2015-05-22 12:00:00	1.1456872	1.1456872	1.3334628	0.34081763	0.6976157	329.356	1198.9374	7.635824
2015-05-23 12:00:00	1.147618	1.147618	1.332156	0.34071854	0.7080832	328.69458	1198.7837	7.6333795
2015-05-24 12:00:00	1.1441331	1.1441331	1.3315951	0.34067324	0.7177037	328.02698	1198.5452	7.6318207
2015-05-25 12:00:00	1.1435038	1.1435038	1.330622	0.34060457	0.72722316	327.42593	1198.3744	7.6297956
2015-05-26 12:00:00	1.1424803	1.1424803	1.3297309	0.34054056	0.7356492	326.8255	1198.2474	7.62733
2015-05-27 12:00:00	1.1416812	1.1416812	1.3288289	0.34047732	0.74228764	326.25107	1198.0338	7.6257653
2015-05-28 12:00:00	1.1398523	1.1398523	1.3280098	0.34042868	0.74587685	325.68292	1197.6116	7.6262655
2015-05-29 12:00:00	1.1332723	1.1332723	1.3279173	0.34042728	0.7472082	325.11996	1197.2677	7.6259146
2015-05-30 12:00:00	1.1279397	1.1279397	1.3276936	0.34041518	0.75015515	324.54105	1196.9346	7.6252832
2015-05-31 12:00:00	1.1233834	1.1233834	1.3273844	0.3404003	0.75551194	323.94653	1196.4832	7.625556
2015-06-01 12:00:00	1.118339	1.118339	1.3271692	0.3403974	0.76101637	323.39307	1195.9836	7.6265664
2015-06-02 12:00:00	1.1099187	1.1099187	1.3274816	0.34041777	0.7646087	322.754	1195.4739	7.626824
2015-06-03 12:00:00	1.1015741	1.1015741	1.3279839	0.34045273	0.7708163	322.13293	1195.0996	7.6265006
2015-06-04 12:00:00	1.094935	1.094935	1.3282824	0.34047565	0.77834976	321.48782	1194.4624	7.6280637
2015-06-05 12:00:00	1.0972586	1.0972586	1.327265	0.34041873	0.7901531	320.84775	1194.0566	7.628042
2015-06-06 12:00:00	1.1013899	1.1013899	1.3259813	0.34034353	0.802743	320.17194	1193.893	7.6256976
2015-06-07 12:00:00	1.1033996	1.1033996	1.3250405	0.34029058	0.8148235	319.393	1193.5311	7.6248803
2015-06-08 12:00:00	1.1056632	1.1056632	1.324049	0.340238	0.8261691	318.6148	1193.16	7.624391
2015-06-09 12:00:00	1.1078469	1.1078469	1.3230624	0.34018955	0.83658826	317.86758	1192.8992	7.6232615
2015-06-10 12:00:00	1.108962	1.108962	1.322267	0.3401531	0.8463095	317.16608	1192.7705	7.620909
2015-06-11 12:00:00	1.1126132	1.1126132	1.3211228	0.34009278	0.8565852	316.5072	1192.6698	7.618329
2015-06-12 12:00:00	1.1152258	1.1152258	1.3201318	0.3400449	0.8650914	315.85498	1192.4723	7.616724
2015-06-13 12:00:00	1.1175355	1.1175355	1.3191963	0.33999956	0.87160414	315.27414	1192.3785	7.614033
2015-06-14 12:00:00	1.1201508	1.1201508	1.3182473	0.33995062	0.87906116	314.75256	1192.2524	7.6114936
2015-06-15 12:00:00	1.1149265	1.1149265	1.3183942	0.33997965	0.8850747	314.03186	1191.7954	7.6120377
2015-06-16 12:00:00	1.1105343	1.1105343	1.3185161	0.34001863	0.8918274	313.44592	1191.3812	7.613615
2015-06-17 12:00:00	1.103215	1.103215	1.3191447	0.3400923	0.8960202	313.00385	1191.1294	7.614044
2015-06-18 12:00:00	1.0952077	1.0952077	1.3199549	0.34017095	0.8985339	312.6416	1190.8563	7.6142807
2015-06-19 12:00:00	1.0850238	1.0850238	1.3211299	0.34026346	0.8994323	312.23807	1190.3439	7.615935
2015-06-20 12:00:00	1.0788671	1.0788671	1.3218608	0.34033257	0.90350896	311.8604	1189.8596	7.6179085
2015-06-21 12:00:00	1.0754492	1.0754492	1.3222492	0.34038088	0.9083312	311.4358	1189.5441	7.61805
2015-06-22 12:00:00	1.0734165	1.0734165	1.3225293	0.34042084	0.91403383	310.93686	1189.2578	7.6179814
2015-06-23 12:00:00	1.0693234	1.0693234	1.3232056	0.34048504	0.92084163	310.4651	1189.0233	7.61782
2015-06-24 12:00:00	1.0641793	1.0641793	1.3241053	0.34054878	0.92811865	310.01526	1188.7487	7.6175833
2015-06-25 12:00:00	1.0613946	1.0613946	1.3248152	0.3406155	0.9368847	309.57147	1188.4429	7.618587
2015-06-26 12:00:00	1.0575299	1.0575299	1.3257256	0.3407035	0.94415045	309.17914	1188.1049	7.620383
2015-06-27 12:00:00	1.0560238	1.0560238	1.3264043	0.3407721	0.9518359	308.77634	1187.943	7.6202445
2015-06-28 12:00:00	1.0533265	1.0533265	1.3273922	0.34085268	0.95879465	308.31677	1187.8491	7.61936
2015-06-29 12:00:00	1.0516114	1.0516114	1.3284048	0.34092775	0.96626014	307.88025	1187.7228	7.618955
2015-06-30 12:00:00	1.0507705	1.0507705	1.3293914	0.34099615	0.9737139	307.3819	1187.5677	7.6187453
2015-07-01 12:00:00	1.0554149	1.0554149	1.3298844	0.34101504	0.9848965	306.8635	1187.4229	7.6184745
2015-07-02 12:00:00	1.0632219	1.0632219	1.330223	0.34100252	0.9999157	306.3417	1187.3241	7.617891
2015-07-03 12:00:00	1.0735317	1.0735317	1.3306097	0.34096527	1.0180156	305.7922	1187.1166	7.6184363
2015-07-04 12:00:00	1.0860574	1.0860574	1.3312219	0.34090474	1.0373787	305.22687	1186.8589	7.619469
2015-07-05 12:00:00	1.1037053	1.1037053	1.3319614	0.3407879	1.0606664	304.67587	1186.7361	7.61916
2015-07-06 12:00:00	1.1287339	1.1287339	1.3327069	0.34059033	1.090953	304.221	1186.6505	7.6186037
2015-07-07 12:00:00	1.1605812	1.1605812	1.3337215	0.34030503	1.1299934	303.7142	1186.2745	7.6207023
2015-07-08 12:00:00	1.2056139	1.2056139	1.3349427	0.33989382	1.1846894	303.1466	1185.9337	7.623553
2015-07-09 12:00:00	1.2660764	1.2660764	1.3363537	0.3393058	1.2569549	302.63498	1185.5858	7.6260777
2015-07-10 12:00:00	1.3329436	1.3329436	1.3381425	0.33864316	1.3381877	302.2026	1184.954	7.632158
2015-07-11 12:00:00	1.3797313	1.3797313	1.3401507	0.33819652	1.4013591	301.77725	1184.2074	7.6393723
2015-07-12 12:00:00	1.4362813	1.4362813	1.3414549	0.3376536	1.4733706	301.32022	1183.9115	7.642083
2015-07-13 12:00:00	1.5042269	1.5042269	1.3429413	0.3369749	1.557211	300.84018	1183.7412	7.643347
2015-07-14 12:00:00	1.5896186	1.5896186	1.3446112	0.3360978	1.6598511	300.36023	1183.4437	7.645701
2015-07-15 12:00:00	1.719941	1.719941	1.3458154	0.3347404	1.8095572	299.8959	1183.1746	7.647864
2015-07-16 12:00:00	1.8966757	1.8966757	1.3470426	0.33286387	2.0087008	299.4699	1182.8317	7.6510973
2015-07-17 12:00:00	2.0960522	2.0960522	1.3487846	0.3306792	2.2343664	299.0832	1182.4736	7.6547647
2015-07-18 12:00:00	2.3638806	2.3638806	1.3505005	0.32768607	2.5320075	298.7791	1182.0591	7.658523
2015-07-19 12:00:00	2.6647155	2.6647155	1.3525808	0.32416302	2.8686182	298.42407	1181.4635	7.663517
2015-07-20 12:00:00	2.930589	2.930589	1.3553835	0.32074103	3.1796198	298.0866	1180.9438	7.6686125
2015-07-21 12:00:00	3.1407025	3.1407025	1.3586751	0.3176087	3.4485526	297.77646	1180.3698	7.6738524
2015-07-22 12:00:00	3.3052013	3.3052013	1.362065	0.31467515	3.693344	297.43094	1180.0314	7.677065
2015-07-23 12:00:00	3.3587096	3.3587096	1.3655078	0.31260696	3.8513527	296.9794	1179.8054	7.6789775
2015-07-24 12:00:00	3.310065	3.310065	1.3693241	0.31142503	3.9307666	296.4767	1179.716	7.6798997
2015-07-25 12:00:00	3.210563	3.210563	1.3734559	0.31076193	3.9745417	295.94897	1179.7056	7.680325
2015-07-26 12:00:00	3.0983448	3.0983448	1.3787223	0.31033796	4.0068836	295.3926	1179.5479	7.681483
2015-07-27 12:00:00	3.1253145	3.1253145	1.3840078	0.30877915	4.1596174	294.9885	1179.3488	7.683413
2015-07-28 12:00:00	3.2178996	3.2178996	1.3897794	0.3066972	4.3552895	294.6643	1179.1405	7.686057
2015-07-29 12:00:00	3.2585373	3.2585373	1.3955293	0.3050641	4.4883533	294.272	1178.8312	7.6887727
2015-07-30 12:00:00	3.2667737	3.2667737	1.4005435	0.3037348	4.575109	293.87033	1178.6443	7.6907306
2015-07-31 12:00:00	3.2430475	3.2430475	1.4051354	0.3027445	4.611296	293.49368	1178.5376	7.692185
2015-08-01 12:00:00	3.196215	3.196215	1.4097905	0.3020287	4.607417	293.12424	1178.509	7.69299
2015-08-02 12:00:00	3.1482265	3.1482265	1.4134618	0.30138624	4.5868955	292.81232	1178.556	7.6933966
2015-08-03 12:00:00	3.073261	3.073261	1.4169049	0.30106062	4.525933	292.4125	1178.5576	7.6933064
2015-08-04 12:00:00	2.972661	2.972661	1.4217794	0.30107298	4.433049	291.9608	1178.5739	7.6929493
2015-08-05 12:00:00	2.8599265	2.8599265	1.4282519	0.30131638	4.3263483	291.41046	1178.5981	7.6924677
2015-08-06 12:00:00	2.743597	2.743597	1.4362675	0.301723	4.2097774	290.8145	1178.6335	7.691774
2015-08-07 12:00:00	2.6369448	2.6369448	1.4446205	0.30215845	4.0947647	290.27228	1178.6937	7.6911893
2015-08-08 12:00:00	2.5371892	2.5371892	1.4533226	0.30264032	3.9663684	289.73434	1178.7334	7.6908035
2015-08-09 12:00:00	2.442168	2.442168	1.4624797	0.30317983	3.8084812	289.2495	1178.7437	7.690578
2015-08-10 12:00:00	2.3593862	2.3593862	1.4711992	0.30369425	3.6281722	288.8141	1178.7799	7.690696
2015-08-11 12:00:00	2.2860072	2.2860072	1.4794688	0.30419317	3.4375205	288.4279	1178.856	7.690299
2015-08-12 12:00:00	2.2156887	2.2156887	1.4878663	0.30472872	3.2611144	288.02936	1178.8677	7.690382
2015-08-13 12:00:00	2.1455836	2.1455836	1.4966975	0.3053267	3.1165273	287.65466	1178.8999	7.690526
2015-08-14 12:00:00	2.0850272	2.0850272	1.5049068	0.3058899	3.0018244	287.38217	1178.967	7.690844
2015-08-15 12:00:00	2.0341308	2.0341308	1.5122052	0.30640402	2.896506	287.06522	1178.9698	7.691382
2015-08-16 12:00:00	1.9838079	1.9838079	1.5196334	0.30695537	2.7924511	286.6671	1178.9901	7.6913958
2015-08-17 12:00:00	1.9324594	1.9324594	1.527425	0.3075544	2.6858904	286.23297	1178.8763	7.6919804
2015-08-18 12:00:00	1.8887953	1.8887953	1.5347245	0.30812368	2.5927913	285.87064	1178.9597	7.691616
2015-08-19 12:00:00	1.8516835	1.8516835	1.5413703	0.3086609	2.5124855	285.53165	1179.1117	7.690878
2015-08-20 12:00:00	1.818168	1.818168	1.5476705	0.30919114	2.4391549	285.21448	1179.2834	7.689963
2015-08-21 12:00:00	1.7861902	1.7861902	1.5539179	0.30973157	2.3734703	284.8881	1179.4208	7.6891227
2015-08-22 12:00:00	1.7549282	1.7549282	1.5602623	0.31028914	2.3173697	284.5382	1179.5386	7.688378
2015-08-23 12:00:00	1.7243283	1.7243283	1.5666918	0.3108618	2.2689474	284.1946	1179.6447	7.6877127
2015-08-24 12:00:00	1.694013	1.694013	1.5732132	0.31145036	2.2219157	283.8717	1179.7366	7.6872296
2015-08-25 12:00:00	1.6604476	1.6604476	1.5802523	0.31208992	2.1767116	283.58136	1179.8271	7.687032
2015-08-26 12:00:00	1.6233264	1.6233264	1.5878861	0.3127848	2.1297061	283.32596	1179.871	7.687067
2015-08-27 12:00:00	1.5908604	1.5908604	1.5951383	0.31345665	2.0839815	283.14615	1179.9982	7.6868205
2015-08-28 12:00:00	1.5567398	1.5567398	1.6027325	0.31416374	2.030907	282.9551	1180.074	7.686623
2015-08-29 12:00:00	1.526276	1.526276	1.6099406	0.314849	1.9743984	282.78607	1179.9441	7.6876893
2015-08-30 12:00:00	1.5066813	1.5066813	1.615934	0.3154466	1.9266561	282.70706	1180.0968	7.687131
2015-08-31 12:00:00	1.4848409	1.4848409	1.6222628	0.3160778	1.8823085	282.5498	1180.2166	7.6864443
2015-09-01 12:00:00	1.4603972	1.4603972	1.628998	0.31674504	1.8453344	282.33292	1180.2218	7.6864
2015-09-02 12:00:00	1.4388022	1.4388022	1.6355221	0.31739792	1.8156991	282.1313	1180.3146	7.6857004
2015-09-03 12:00:00	1.4184567	1.4184567	1.6419576	0.3180497	1.7871556	282.01633	1180.469	7.685381
2015-09-04 12:00:00	1.3966469	1.3966469	1.6485506	0.3187247	1.7571648	282.0035	1180.5714	7.685487
2015-09-05 12:00:00	1.3737154	1.3737154	1.6553352	0.3194203	1.7262744	281.9717	1180.5396	7.6860814
2015-09-06 12:00:00	1.353661	1.353661	1.6618407	0.32010055	1.6959939	282.0223	1180.6597	7.6863494
2015-09-07 12:00:00	1.3490707	1.3490707	1.6659328	0.32062444	1.6778234	282.09366	1180.5159	7.6880817
2015-09-08 12:00:00	1.366768	1.366768	1.6668034	0.32092863	1.6806188	282.3168	1180.732	7.6877823
2015-09-09 12:00:00	1.3814961	1.3814961	1.6677111	0.32125315	1.6854657	282.5343	1180.9655	7.6870313
2015-09-10 12:00:00	1.3852183	1.3852183	1.6699946	0.3216826	1.6881281	282.7078	1181.1583	7.6864552
2015-09-11 12:00:00	1.37938	1.37938	1.6735944	0.3222071	1.6815838	282.82916	1181.3386	7.6856513
2015-09-12 12:00:00	1.3670949	1.3670949	1.6781803	0.32279965	1.6705722	282.9176	1181.5209	7.684665
2015-09-13 12:00:00	1.3574437	1.3574437	1.6824838	0.32337064	1.6655321	282.99155	1181.6729	7.683798
2015-09-14 12:00:00	1.3483547	1.3483547	1.6867666	0.32393956	1.6606625	283.04422	1181.8452	7.682821
2015-09-15 12:00:00	1.3419933	1.3419933	1.6907212	0.32448494	1.656484	283.06595	1182.0071	7.6815343
2015-09-16 12:00:00	1.3393705	1.3393705	1.6940848	0.3249924	1.6542312	283.03455	1182.1102	7.680711
2015-09-17 12:00:00	1.3295475	1.3295475	1.6984944	0.32557312	1.6453122	282.99533	1182.2072	7.68053
2015-09-18 12:00:00	1.3175488	1.3175488	1.70332	0.32617846	1.6350418	282.90488	1182.2012	7.6805487
2015-09-19 12:00:00	1.327352	1.327352	1.7050374	0.3265674	1.645783	282.85135	1182.2864	7.6805415
2015-09-20 12:00:00	1.3470547	1.3470547	1.7049954	0.32684645	1.6666437	282.84705	1182.4082	7.6807666
2015-09-21 12:00:00	1.352474	1.352474	1.7067099	0.32725734	1.6732833	282.83154	1182.4792	7.6817636
2015-09-22 12:00:00	1.3506072	1.3506072	1.7093903	0.32773778	1.6724743	282.86432	1182.5776	7.682709
2015-09-23 12:00:00	1.3397989	1.3397989	1.7133954	0.32830852	1.6628894	282.90826	1182.7382	7.6832237
2015-09-24 12:00:00	1.3285774	1.3285774	1.7175294	0.32888573	1.6534187	282.92712	1182.8479	7.6838965
2015-09-25 12:00:00	1.3156573	1.3156573	1.7219805	0.3294833	1.6424026	282.92914	1182.9861	7.684622
2015-09-26 12:00:00	1.3006779	1.3006779	1.7268748	0.33010688	1.6284829	282.9823	1183.1644	7.6851425
2015-09-27 12:00:00	1.2865999	1.2865999	1.7317536	0.3307265	1.6155783	283.04996	1183.351	7.685993
2015-09-28 12:00:00	1.2727915	1.2727915	1.7366592	0.3313481	1.6027355	283.14597	1183.5497	7.68695
2015-09-29 12:00:00	1.2572942	1.2572942	1.7418795	0.33199072	1.5879476	283.221	1183.7212	7.688016
2015-09-30 12:00:00	1.2380087	1.2380087	1.7477959	0.33267787	1.5673574	283.287	1183.8905	7.689168
2015-10-01 12:00:00	1.2172693	1.2172693	1.7540833	0.33338675	1.5452131	283.35638	1184.0452	7.690479
2015-10-02 12:00:00	1.1969488	1.1969488	1.760472	0.3340994	1.5230291	283.4592	1184.2578	7.6916375
2015-10-03 12:00:00	1.1863029	1.1863029	1.7655128	0.3347205	1.5105028	283.63263	1184.4994	7.692638
2015-10-04 12:00:00	1.1811179	1.1811179	1.7696793	0.33528614	1.5027306	283.77512	1184.6644	7.6940784
2015-10-05 12:00:00	1.1710035	1.1710035	1.7745702	0.33590168	1.4884034	283.83295	1184.7908	7.6957397
2015-10-06 12:00:00	1.1546266	1.1546266	1.7804872	0.33658332	1.4663182	283.8444	1184.9253	7.6974506
2015-10-07 12:00:00	1.13771	1.13771	1.786625	0.3372759	1.4452373	283.93903	1185.175	7.698493
2015-10-08 12:00:00	1.1488941	1.1488941	1.7888798	0.3376912	1.455389	284.1677	1185.5596	7.699148
2015-10-09 12:00:00	1.1892569	1.1892569	1.7866426	0.33780098	1.4947323	284.49033	1185.8745	7.701136
2015-10-10 12:00:00	1.2371056	1.2371056	1.7827659	0.33781257	1.538592	284.87283	1186.1218	7.703687
2015-10-11 12:00:00	1.2951543	1.2951543	1.7767533	0.33769405	1.5905164	285.32736	1186.3627	7.7065296
2015-10-12 12:00:00	1.3361204	1.3361204	1.7726434	0.33771762	1.63094	285.78406	1186.5913	7.7092385
2015-10-13 12:00:00	1.3670017	1.3670017	1.7697413	0.33782488	1.6674434	286.27194	1186.8744	7.711696
2015-10-14 12:00:00	1.3779111	1.3779111	1.7694896	0.3381166	1.685224	286.77057	1187.1317	7.714419
2015-10-15 12:00:00	1.3811018	1.3811018	1.7704105	0.33848017	1.6949971	287.27536	1187.3712	7.71679
2015-10-16 12:00:00	1.3968939	1.3968939	1.7694671	0.33871052	1.716918	287.79642	1187.7185	7.717965
2015-10-17 12:00:00	1.3853427	1.3853427	1.7723777	0.33921123	1.7113718	288.23654	1188.0016	7.7193804
2015-10-18 12:00:00	1.3530697	1.3530697	1.7786562	0.33992934	1.6840152	288.58994	1188.1125	7.721875
2015-10-19 12:00:00	1.326	1.326	1.7845113	0.34059888	1.660983	288.8422	1188.0358	7.7253375
2015-10-20 12:00:00	1.3334181	1.3334181	1.7856797	0.34093326	1.6710304	289.20465	1188.198	7.727858
2015-10-21 12:00:00	1.343911	1.343911	1.786056	0.34122133	1.6832334	289.51932	1188.3019	7.7307496
2015-10-22 12:00:00	1.3565038	1.3565038	1.7860428	0.34147978	1.6969098	289.78473	1188.3691	7.7339997
2015-10-23 12:00:00	1.3566902	1.3566902	1.7875525	0.3418524	1.6972779	290.04626	1188.6637	7.7356563
2015-10-24 12:00:00	1.3687655	1.3687655	1.7873709	0.34210336	1.7080884	290.3329	1189.1014	7.7358503
2015-10-25 12:00:00	1.3929697	1.3929697	1.7851341	0.34221646	1.7325705	290.60226	1189.335	7.737945
2015-10-26 12:00:00	1.4080409	1.4080409	1.7839993	0.34240615	1.7481925	290.829	1189.5836	7.7399974
2015-10-27 12:00:00	1.4285183	1.4285183	1.78194	0.34252727	1.7696556	291.0541	1189.8146	7.742571
2015-10-28 12:00:00	1.4484702	1.4484702	1.7797247	0.34263536	1.7942063	291.25803	1189.9617	7.745997
2015-10-29 12:00:00	1.4616675	1.4616675	1.7782595	0.34279704	1.8120615	291.52246	1190.3372	7.747652
2015-10-30 12:00:00	1.4702154	1.4702154	1.7773085	0.34299588	1.8247795	291.8082	1190.7083	7.74953
2015-10-31 12:00:00	1.4639308	1.4639308	1.7783836	0.34333467	1.824015	292.03625	1190.8656	7.75277
2015-11-01 12:00:00	1.4564885	1.4564885	1.7798687	0.34368414	1.8204297	292.24408	1191.1029	7.7551866
2015-11-02 12:00:00	1.4535946	1.4535946	1.7807803	0.3439829	1.8220999	292.43484	1191.3777	7.7572036
2015-11-03 12:00:00	1.4398425	1.4398425	1.7831806	0.34438747	1.8137537	292.571	1191.5732	7.7598877
2015-11-04 12:00:00	1.4216334	1.4216334	1.7864263	0.3448408	1.7973957	292.68604	1191.7235	7.7632165
2015-11-05 12:00:00	1.4040684	1.4040684	1.7897481	0.34529117	1.7798051	292.83514	1191.8751	7.7668552
2015-11-06 12:00:00	1.3813142	1.3813142	1.793884	0.34579763	1.7583625	292.99017	1192.0392	7.77043
2015-11-07 12:00:00	1.3476427	1.3476427	1.7996053	0.34641775	1.724953	293.1118	1192.1005	7.774205
2015-11-08 12:00:00	1.3168405	1.3168405	1.8053615	0.34702146	1.6912742	293.19354	1192.1853	7.777223
2015-11-09 12:00:00	1.3101212	1.3101212	1.8078877	0.3473941	1.6779145	293.31485	1192.7782	7.776152
2015-11-10 12:00:00	1.3073981	1.3073981	1.809683	0.34773108	1.6695073	293.48993	1193.3374	7.7757487
2015-11-11 12:00:00	1.2822082	1.2822082	1.8147066	0.3482963	1.6411369	293.60596	1194.1439	7.7726564
2015-11-12 12:00:00	1.2517743	1.2517743	1.8208885	0.34892917	1.607267	293.69202	1194.8746	7.770235
2015-11-13 12:00:00	1.2411515	1.2411515	1.8245168	0.34937036	1.5935457	293.79666	1195.4609	7.7695856
2015-11-14 12:00:00	1.2313282	1.2313282	1.8280327	0.34980214	1.5809366	293.92175	1195.9243	7.770535
2015-11-15 12:00:00	1.2227393	1.2227393	1.8313719	0.35021654	1.568907	294.06583	1196.5875	7.7695303
2015-11-16 12:00:00	1.2087531	1.2087531	1.8354968	0.35068128	1.5505391	294.28714	1196.9192	7.771234
2015-11-17 12:00:00	1.1816407	1.1816407	1.8418514	0.35129318	1.5185425	294.5549	1197.1384	7.774313
2015-11-18 12:00:00	1.1621208	1.1621208	1.8472877	0.35183024	1.4933511	294.81467	1197.4518	7.776046
2015-11-19 12:00:00	1.1478896	1.1478896	1.851963	0.35230687	1.4732862	295.04047	1197.8184	7.7767916
2015-11-20 12:00:00	1.1362649	1.1362649	1.8563203	0.3527583	1.4536396	295.31265	1198.441	7.775128
2015-11-21 12:00:00	1.1238261	1.1238261	1.8608366	0.35321596	1.4324827	295.6545	1198.7172	7.7762227
2015-11-22 12:00:00	1.1036459	1.1036459	1.866627	0.35375732	1.4051255	296.06354	1198.811	7.780243
2015-11-23 12:00:00	1.0908585	1.0908585	1.8713412	0.3542178	1.3856753	296.50897	1198.7772	7.784976
2015-11-24 12:00:00	1.0920515	1.0920515	1.8738761	0.3545339	1.3788134	297.04117	1198.865	7.789099
2015-11-25 12:00:00	1.0935198	1.0935198	1.8763571	0.35485834	1.3702285	297.72562	1199.3965	7.790448
2015-11-26 12:00:00	1.0771326	1.0771326	1.8814963	0.35535443	1.3439411	298.4239	1200.0236	7.7906437
2015-11-27 12:00:00	1.0640024	1.0640024	1.8862075	0.35581172	1.3219444	299.09448	1200.222	7.79342
2015-11-28 12:00:00	1.0609233	1.0609233	1.8894148	0.35617104	1.31127	299.7945	1200.5784	7.7953353
2015-11-29 12:00:00	1.0428178	1.0428178	1.8948864	0.35667592	1.2889565	300.52734	1201.2314	7.795242
2015-11-30 12:00:00	1.0236576	1.0236576	1.9005805	0.35718408	1.2655885	301.2536	1201.8583	7.7944417
2015-12-01 12:00:00	1.0175154	1.0175154	1.904333	0.35756147	1.2521983	302.04462	1202.7902	7.7898035
2015-12-02 12:00:00	1.0157118	1.0157118	1.9074169	0.35789585	1.243468	302.96268	1203.5636	7.7870584
2015-12-03 12:00:00	1.0032845	1.0032845	1.9121324	0.358333	1.2274687	303.83524	1203.9928	7.7871456
2015-12-04 12:00:00	0.9792959	0.9792959	1.9187181	0.35888222	1.2004681	304.58542	1204.3499	7.7873363
2015-12-05 12:00:00	0.95686924	0.95686924	1.9252048	0.35941815	1.1742239	305.28027	1204.7739	7.787238
2015-12-06 12:00:00	0.93889123	0.93889123	1.9310869	0.35991153	1.150829	305.9867	1205.4165	7.785331
2015-12-07 12:00:00	0.9220085	0.9220085	1.9368751	0.3603957	1.1271316	306.70523	1206.1311	7.783086
2015-12-08 12:00:00	0.9145778	0.9145778	1.9411783	0.3607769	1.1126946	307.3988	1206.5823	7.782621
2015-12-09 12:00:00	0.9029906	0.9029906	1.9460828	0.36119258	1.0964233	308.00385	1206.752	7.7844625
2015-12-10 12:00:00	0.8893429	0.8893429	1.9513272	0.36162367	1.0789003	308.55365	1206.9391	7.7858124
2015-12-11 12:00:00	0.88107175	0.88107175	1.9557574	0.3620026	1.0654817	309.13052	1207.2216	7.7869544
2015-12-12 12:00:00	0.86688435	0.86688435	1.9610457	0.36242995	1.045103	309.7001	1207.4973	7.7879953
2015-12-13 12:00:00	0.8556481	0.8556481	1.9658307	0.36281475	1.0253375	310.27344	1207.702	7.789477
2015-12-14 12:00:00	0.8460611	0.8460611	1.9702116	0.36315963	1.0070208	310.81366	1207.6187	7.7924967
2015-12-15 12:00:00	0.83475137	0.83475137	1.9750419	0.36354795	0.99035746	311.43884	1207.7285	7.7948246
2015-12-16 12:00:00	0.8225158	0.8225158	1.979963	0.363934	0.97491735	312.03195	1207.7487	7.7974095
2015-12-17 12:00:00	0.80829793	0.80829793	1.9852846	0.3643505	0.95718825	312.66458	1207.8867	7.7992573
2015-12-18 12:00:00	0.79051995	0.79051995	1.9911458	0.36479244	0.93494254	313.21658	1207.947	7.80068
2015-12-19 12:00:00	0.77393794	0.77393794	1.9968817	0.3652205	0.9130434	313.67035	1207.9823	7.801739
2015-12-20 12:00:00	0.7622138	0.7622138	2.0018947	0.36559704	0.8941706	314.06235	1208.0	7.802778
2015-12-21 12:00:00	0.7525202	0.7525202	2.0065982	0.36594996	0.8770681	314.39072	1208.005	7.8038235
2015-12-22 12:00:00	0.7438933	0.7438933	2.0111248	0.36628747	0.86250204	314.67355	1207.9761	7.8050585
2015-12-23 12:00:00	0.73625314	0.73625314	2.015425	0.36660236	0.84959567	314.96442	1207.9382	7.8094172
2015-12-24 12:00:00	0.7267567	0.7267567	2.0200195	0.36693302	0.8358895	315.26926	1208.1001	7.8102546
2015-12-25 12:00:00	0.72074604	0.72074604	2.0241168	0.36723402	0.8254714	315.64148	1208.3442	7.810014
2015-12-26 12:00:00	0.7181049	0.7181049	2.0276377	0.36749607	0.8184146	316.0342	1208.5941	7.809237
2015-12-27 12:00:00	0.7062017	0.7062017	2.032233	0.3677942	0.8046107	316.2895	1208.2928	7.8114734
2015-12-28 12:00:00	0.6884232	0.6884232	2.037799	0.36815122	0.785624	316.57062	1208.0098	7.8132987
2015-12-29 12:00:00	0.67628855	0.67628855	2.042819	0.3684977	0.77085465	317.01337	1208.1938	7.8130426
2015-12-30 12:00:00	0.66625214	0.66625214	2.0475368	0.36882654	0.7581831	317.5442	1208.4443	7.813046
2015-12-31 12:00:00	0.66185933	0.66185933	2.0513554	0.36909786	0.74907297	318.19714	1208.7777	7.8131714
