DATE	ocean_colour	BGC_Argo_chl_0m_to_50m	BGC_Argo_no3_0m_to_50m	BGC_Argo_po4_0m_to_50m	BGC_Argo_POC_0m_to_50m	BGC_Argo_o2_0m_to_50m	BGC_Argo_DIC_0m_to_50m	BGC_Argo_pH_0m_to_50m
2014-06-01 12:00:00	2.3702652	2.3702652	3.1232653	0.23160793	23.143768	258.4826	2590.4236	8.091909
2014-06-02 12:00:00	2.4014919	2.4014919	3.14086	0.23254229	22.95486	258.268	2590.6003	8.091157
2014-06-03 12:00:00	2.4249618	2.4249618	3.1792283	0.23465535	22.435642	257.77106	2590.9253	8.089774
2014-06-04 12:00:00	2.4353597	2.4353597	3.2167225	0.23673213	21.593134	257.3063	2591.2122	8.088624
2014-06-05 12:00:00	2.4846702	2.4846702	3.2441683	0.23817986	20.437136	256.94995	2590.863	8.088052
2014-06-06 12:00:00	2.6344829	2.6344829	3.250047	0.23828793	19.11958	256.76465	2591.109	8.087272
2014-06-07 12:00:00	2.807489	2.807489	3.244281	0.23774984	17.735903	256.60388	2591.253	8.08606
2014-06-08 12:00:00	2.9908628	2.9908628	3.2282166	0.23667733	16.44048	256.45538	2591.166	8.084735
2014-06-09 12:00:00	3.2137692	3.2137692	3.1976948	0.23480342	15.445729	256.37332	2590.9976	8.083625
2014-06-10 12:00:00	3.3810387	3.3810387	3.1698806	0.2332306	15.37633	256.24246	2590.867	8.082486
2014-06-11 12:00:00	3.4841142	3.4841142	3.1519895	0.2323814	18.158264	256.05066	2590.6858	8.081613
2014-06-12 12:00:00	3.5486643	3.5486643	3.1432838	0.23216344	21.04382	255.79436	2590.744	8.080325
2014-06-13 12:00:00	3.5029495	3.5029495	3.1528842	0.23312727	21.592295	255.37555	2590.924	8.078655
2014-06-14 12:00:00	3.4551005	3.4551005	3.1650198	0.23417382	21.562325	254.95836	2591.112	8.07688
2014-06-15 12:00:00	3.4172304	3.4172304	3.1777403	0.23516469	21.497578	254.5469	2591.3203	8.075247
2014-06-16 12:00:00	3.3414183	3.3414183	3.199023	0.23662597	21.426481	254.09021	2591.5125	8.073631
2014-06-17 12:00:00	3.25969	3.25969	3.2250779	0.238303	21.341448	253.64096	2591.719	8.072099
2014-06-18 12:00:00	3.2339313	3.2339313	3.245368	0.23952083	21.241411	253.3042	2591.96	8.070741
2014-06-19 12:00:00	3.2450547	3.2450547	3.259897	0.24031356	21.111721	253.00717	2592.1404	8.0692625
2014-06-20 12:00:00	3.264285	3.264285	3.272063	0.24092789	20.924116	252.71806	2592.247	8.0676565
2014-06-21 12:00:00	3.3043969	3.3043969	3.2787304	0.24117671	20.64186	252.4612	2592.3687	8.066232
2014-06-22 12:00:00	3.3396854	3.3396854	3.2842906	0.24135126	20.279417	252.2378	2592.4656	8.06486
2014-06-23 12:00:00	3.3744624	3.3744624	3.2892509	0.24149764	20.020834	252.01947	2592.5398	8.063342
2014-06-24 12:00:00	3.4262152	3.4262152	3.2913182	0.24147399	20.108482	251.82666	2592.5864	8.061862
2014-06-25 12:00:00	3.4380057	3.4380057	3.298668	0.24182944	20.414026	251.59818	2592.6665	8.060345
2014-06-26 12:00:00	3.375067	3.375067	3.3170462	0.24294144	20.593662	251.30013	2592.8909	8.059103
2014-06-27 12:00:00	3.1976616	3.1976616	3.3552358	0.24536034	20.614332	250.86836	2593.2273	8.058277
2014-06-28 12:00:00	3.0097558	3.0097558	3.4027734	0.24831304	20.5593	250.40025	2593.372	8.05727
2014-06-29 12:00:00	2.896059	2.896059	3.445227	0.250838	20.459118	249.98277	2593.452	8.056137
2014-06-30 12:00:00	2.8174517	2.8174517	3.4866674	0.25323015	20.316305	249.58794	2593.7622	8.054685
2014-07-01 12:00:00	2.7668626	2.7668626	3.526347	0.2554689	20.129326	249.20537	2594.1252	8.052988
2014-07-02 12:00:00	2.7193244	2.7193244	3.5670557	0.25775537	19.879053	248.7883	2594.2896	8.051521
2014-07-03 12:00:00	2.743548	2.743548	3.5967607	0.2593212	19.51752	248.46684	2594.583	8.049904
2014-07-04 12:00:00	2.8132277	2.8132277	3.6160126	0.26024503	18.956318	248.17958	2594.7878	8.048138
2014-07-05 12:00:00	2.8175807	2.8175807	3.6398635	0.26153162	18.097898	247.8443	2594.9177	8.046899
2014-07-06 12:00:00	2.7523215	2.7523215	3.6711292	0.26335016	17.042173	247.42609	2594.8884	8.04582
2014-07-07 12:00:00	2.8166997	2.8166997	3.6777382	0.26364434	15.901767	247.24455	2595.0706	8.044666
2014-07-08 12:00:00	2.8854191	2.8854191	3.6766298	0.26356608	14.819608	247.1199	2595.148	8.043855
2014-07-09 12:00:00	2.9260657	2.9260657	3.6753602	0.26359653	14.12157	246.99423	2595.139	8.042975
2014-07-10 12:00:00	3.0490685	3.0490685	3.6576352	0.2626802	15.071227	246.98306	2595.209	8.042432
2014-07-11 12:00:00	3.1396103	3.1396103	3.6433678	0.2621095	17.942553	246.8627	2595.321	8.041633
2014-07-12 12:00:00	3.1575692	3.1575692	3.645922	0.26252577	19.079252	246.59845	2595.4272	8.040419
2014-07-13 12:00:00	3.0671883	3.0671883	3.6737223	0.2643805	19.128857	246.1615	2595.6855	8.039211
2014-07-14 12:00:00	2.927817	2.927817	3.7188554	0.26720536	19.028757	245.63579	2596.091	8.037922
2014-07-15 12:00:00	2.825277	2.825277	3.7658377	0.2700562	18.87865	245.12093	2596.567	8.036838
2014-07-16 12:00:00	2.7348332	2.7348332	3.8158283	0.27303258	18.704054	244.55579	2596.9797	8.035325
2014-07-17 12:00:00	2.6736825	2.6736825	3.8639424	0.27582866	18.512945	243.9838	2597.371	8.033661
2014-07-18 12:00:00	2.6307278	2.6307278	3.910955	0.2785119	18.296354	243.42056	2597.6812	8.031943
2014-07-19 12:00:00	2.5835574	2.5835574	3.9587488	0.2812324	18.036522	242.81058	2597.4395	8.030675
2014-07-20 12:00:00	2.522517	2.522517	4.009019	0.28409567	17.666113	242.26315	2597.6028	8.029305
2014-07-21 12:00:00	2.501957	2.501957	4.0522623	0.28649744	17.064947	241.78004	2597.8496	8.028064
2014-07-22 12:00:00	2.5314512	2.5314512	4.0850277	0.28824708	16.269995	241.38332	2598.1191	8.026977
2014-07-23 12:00:00	2.6089308	2.6089308	4.1065326	0.28933623	15.53726	241.05951	2598.299	8.025787
2014-07-24 12:00:00	2.7135687	2.7135687	4.1192765	0.28996256	15.272287	240.78021	2598.407	8.024614
2014-07-25 12:00:00	2.7627287	2.7627287	4.136282	0.2909745	15.806074	240.44977	2598.4338	8.023651
2014-07-26 12:00:00	2.7859292	2.7859292	4.1570654	0.29226097	16.422352	240.12775	2598.4968	8.022635
2014-07-27 12:00:00	2.8139212	2.8139212	4.1773252	0.2934808	16.59383	239.80397	2598.6755	8.021575
2014-07-28 12:00:00	2.798516	2.798516	4.205801	0.29516506	16.52385	239.44897	2598.9324	8.0208235
2014-07-29 12:00:00	2.7545247	2.7545247	4.240741	0.29721054	16.38815	239.13417	2599.1772	8.02065
2014-07-30 12:00:00	2.7238986	2.7238986	4.275216	0.2991824	16.234009	238.87424	2599.4622	8.020271
2014-07-31 12:00:00	2.6866033	2.6866033	4.3118434	0.30126375	16.062994	238.58391	2599.7964	8.019649
2014-08-01 12:00:00	2.6427002	2.6427002	4.350132	0.30343586	15.872574	238.28033	2600.1428	8.019028
2014-08-02 12:00:00	2.5798316	2.5798316	4.392127	0.30583382	15.642054	237.94037	2600.39	8.018389
2014-08-03 12:00:00	2.521302	2.521302	4.4341416	0.30822298	15.320822	237.58649	2600.107	8.018242
2014-08-04 12:00:00	2.5142365	2.5142365	4.4671016	0.31002304	14.817909	237.39307	2600.4854	8.018049
2014-08-05 12:00:00	2.5054963	2.5054963	4.497301	0.31166878	14.08405	237.18742	2600.803	8.017556
2014-08-06 12:00:00	2.482726	2.482726	4.526455	0.3132966	13.263373	236.8953	2600.4045	8.017267
2014-08-07 12:00:00	2.458801	2.458801	4.5543284	0.31489938	12.528887	236.62198	2600.3694	8.016691
2014-08-08 12:00:00	2.484801	2.484801	4.573802	0.31604058	12.393962	236.39471	2600.5725	8.016048
2014-08-09 12:00:00	2.4860322	2.4860322	4.597102	0.31752354	13.79583	236.09172	2600.8386	8.015386
2014-08-10 12:00:00	2.4483545	2.4483545	4.6307735	0.31965658	14.561503	235.80145	2601.192	8.015289
2014-08-11 12:00:00	2.421595	2.421595	4.6669526	0.3218549	14.505069	235.49265	2601.0352	8.015546
2014-08-12 12:00:00	2.4612656	2.4612656	4.695772	0.3234905	14.401258	235.11394	2601.3499	8.0158
2014-08-13 12:00:00	2.5410311	2.5410311	4.718851	0.32471678	14.330019	234.78159	2601.691	8.016123
2014-08-14 12:00:00	2.6706862	2.6706862	4.7333884	0.32537493	14.289211	234.56085	2601.917	8.0162115
2014-08-15 12:00:00	2.8103936	2.8103936	4.743674	0.32577276	14.259294	234.35466	2601.9802	8.016235
2014-08-16 12:00:00	2.925514	2.925514	4.7545357	0.3262179	14.216869	234.15265	2602.0662	8.016429
2014-08-17 12:00:00	2.960456	2.960456	4.773883	0.32721886	14.08819	233.87329	2602.3345	8.016307
2014-08-18 12:00:00	2.941773	2.941773	4.798474	0.3285515	13.835738	233.5748	2602.653	8.016288
2014-08-19 12:00:00	2.9919436	2.9919436	4.806959	0.3288594	13.4057865	233.46002	2602.8716	8.016552
2014-08-20 12:00:00	3.0160728	3.0160728	4.811921	0.32899213	12.772285	233.3554	2603.0835	8.016671
2014-08-21 12:00:00	2.9626946	2.9626946	4.8244567	0.32967985	12.065066	233.15123	2603.3306	8.016543
2014-08-22 12:00:00	2.8537037	2.8537037	4.845635	0.33099014	11.452859	232.86365	2603.6685	8.016257
2014-08-23 12:00:00	2.8025668	2.8025668	4.8614464	0.3319663	11.329631	232.65575	2603.977	8.015908
2014-08-24 12:00:00	2.8055117	2.8055117	4.8691635	0.33247942	12.309474	232.50082	2604.2266	8.015539
2014-08-25 12:00:00	2.7152925	2.7152925	4.892855	0.33408523	13.205937	232.1803	2604.4243	8.014997
2014-08-26 12:00:00	2.5859513	2.5859513	4.9287925	0.33639276	13.409271	231.76418	2604.1675	8.014485
2014-08-27 12:00:00	2.5561562	2.5561562	4.954424	0.33788338	13.393394	231.47092	2604.0356	8.013671
2014-08-28 12:00:00	2.5305834	2.5305834	4.9802976	0.33934775	13.319086	231.13077	2604.0735	8.0128
2014-08-29 12:00:00	2.5242894	2.5242894	5.0042386	0.34065685	13.241662	230.83673	2604.0679	8.011942
2014-08-30 12:00:00	2.571944	2.571944	5.0183787	0.34133005	13.191996	230.61954	2604.2517	8.011313
2014-08-31 12:00:00	2.6139054	2.6139054	5.0307956	0.34193203	13.126643	230.44646	2604.4065	8.010818
2014-09-01 12:00:00	2.693443	2.693443	5.0340896	0.34194112	13.061368	230.33138	2604.5198	8.010472
2014-09-02 12:00:00	2.6715171	2.6715171	5.048507	0.34270218	12.857259	230.02684	2604.651	8.010048
2014-09-03 12:00:00	2.5611699	2.5611699	5.076866	0.34434515	12.426683	229.61488	2604.8914	8.009617
2014-09-04 12:00:00	2.4423676	2.4423676	5.107923	0.34614792	11.826747	229.17477	2605.1492	8.008693
2014-09-05 12:00:00	2.3275144	2.3275144	5.141412	0.34811592	11.201389	228.68747	2605.4575	8.007505
2014-09-06 12:00:00	2.2168803	2.2168803	5.1785645	0.35033953	10.938406	228.17653	2605.7795	8.006284
2014-09-07 12:00:00	2.122855	2.122855	5.217769	0.35272062	11.726411	227.67778	2606.0981	8.004915
2014-09-08 12:00:00	2.0590024	2.0590024	5.2564673	0.35504952	12.133787	227.21817	2606.4282	8.003719
2014-09-09 12:00:00	2.015845	2.015845	5.295235	0.35731882	12.006903	226.78922	2606.7888	8.002616
2014-09-10 12:00:00	1.9890852	1.9890852	5.333463	0.35950673	11.82322	226.35957	2607.129	8.001387
2014-09-11 12:00:00	1.9731307	1.9731307	5.3715105	0.36165735	11.629119	225.944	2607.5015	8.000477
2014-09-12 12:00:00	1.9673002	1.9673002	5.4090047	0.36375695	11.434878	225.53928	2607.9268	7.9998145
2014-09-13 12:00:00	1.9876486	1.9876486	5.442627	0.36559585	11.261149	225.17612	2608.2761	7.999071
2014-09-14 12:00:00	2.0140667	2.0140667	5.4743986	0.36731926	11.093186	224.82175	2608.578	7.9982004
2014-09-15 12:00:00	2.0749383	2.0749383	5.4991755	0.3686051	10.93636	224.57024	2608.853	7.997628
2014-09-16 12:00:00	2.1926365	2.1926365	5.5113115	0.369106	10.729435	224.49106	2609.0356	7.9972925
2014-09-17 12:00:00	2.327069	2.327069	5.5151505	0.369108	10.322982	224.44337	2609.1191	7.996785
2014-09-18 12:00:00	2.4648209	2.4648209	5.5109544	0.36865652	9.783852	224.38733	2609.147	7.996021
2014-09-19 12:00:00	2.5603993	2.5603993	5.506249	0.3682624	9.208982	224.38101	2609.016	7.9954343
2014-09-20 12:00:00	2.6568098	2.6568098	5.4948597	0.3675262	8.741773	224.36313	2608.8513	7.9947777
2014-09-21 12:00:00	2.7238312	2.7238312	5.4808645	0.36671898	8.464112	224.25696	2608.7295	7.9941263
2014-09-22 12:00:00	2.7601736	2.7601736	5.4665227	0.36596444	8.80912	224.08177	2608.668	7.9936237
2014-09-23 12:00:00	2.7815866	2.7815866	5.4510064	0.36518517	9.926937	223.88487	2608.6802	7.9931765
2014-09-24 12:00:00	2.6856477	2.6856477	5.454701	0.36563584	10.524504	223.55386	2608.801	7.9923425
2014-09-25 12:00:00	2.5497713	2.5497713	5.4732714	0.36689508	10.590007	223.13864	2609.078	7.991751
2014-09-26 12:00:00	2.488966	2.488966	5.4883432	0.36776203	10.568149	222.80379	2609.3286	7.9913425
2014-09-27 12:00:00	2.4275124	2.4275124	5.5077906	0.36886194	10.505153	222.45128	2609.5217	7.9905624
2014-09-28 12:00:00	2.3708138	2.3708138	5.530759	0.3701284	10.424027	222.0967	2609.7065	7.989666
2014-09-29 12:00:00	2.2829103	2.2829103	5.562264	0.3719332	10.298675	221.68684	2609.9673	7.9887686
2014-09-30 12:00:00	2.1778731	2.1778731	5.600696	0.3741582	10.12897	221.24007	2610.2444	7.987817
2014-10-01 12:00:00	2.091546	2.091546	5.640143	0.37640664	9.912578	220.81415	2610.5615	7.987015
2014-10-02 12:00:00	2.0307317	2.0307317	5.677865	0.37851492	9.597246	220.37831	2610.8354	7.986147
2014-10-03 12:00:00	1.9735091	1.9735091	5.7154818	0.38062268	9.14506	219.95355	2611.1365	7.9853806
2014-10-04 12:00:00	1.9253225	1.9253225	5.7520247	0.38268206	8.664228	219.56654	2611.451	7.984855
2014-10-05 12:00:00	1.9486878	1.9486878	5.777179	0.38406375	8.506358	219.36299	2611.4758	7.9851613
2014-10-06 12:00:00	2.0592566	2.0592566	5.7865047	0.38450608	8.968145	219.62985	2611.6199	7.9859405
2014-10-07 12:00:00	2.1641378	2.1641378	5.794685	0.3849012	9.133167	220.18483	2610.6953	7.987955
2014-10-08 12:00:00	2.2951438	2.2951438	5.800393	0.3851025	9.03736	221.46269	2610.385	7.9897933
2014-10-09 12:00:00	2.3909457	2.3909457	5.8117557	0.38563088	8.90288	223.29156	2610.163	7.991486
2014-10-10 12:00:00	2.4559948	2.4559948	5.827211	0.38639358	8.7519	225.3991	2609.7915	7.9932046
2014-10-11 12:00:00	2.5298436	2.5298436	5.8394537	0.38694435	8.610072	227.3413	2609.6587	7.9942956
2014-10-12 12:00:00	2.6100018	2.6100018	5.848394	0.38728958	8.477189	229.0932	2609.6406	7.99483
2014-10-13 12:00:00	2.645931	2.645931	5.861852	0.38793007	8.337423	230.66655	2609.635	7.9954
2014-10-14 12:00:00	2.5706184	2.5706184	5.888408	0.38939205	8.15393	231.9348	2608.32	7.997368
2014-10-15 12:00:00	2.5500417	2.5500417	5.9083424	0.39042568	7.950839	233.18733	2608.1006	7.998233
2014-10-16 12:00:00	2.5590594	2.5590594	5.920563	0.39098454	7.6544423	234.19438	2607.912	7.998784
2014-10-17 12:00:00	2.5620759	2.5620759	5.9306197	0.39142475	7.2888584	235.26637	2607.4575	7.9994745
2014-10-18 12:00:00	2.584545	2.584545	5.9364777	0.39163527	6.8960786	236.25705	2607.1345	8.000066
2014-10-19 12:00:00	2.566038	2.566038	5.9471593	0.39219528	6.5388026	237.14915	2606.6284	8.00069
2014-10-20 12:00:00	2.575142	2.575142	5.954002	0.39255488	6.2844715	238.08145	2606.5396	8.001196
2014-10-21 12:00:00	2.628184	2.628184	5.9530993	0.39247406	6.2233706	239.03928	2606.4612	8.002115
2014-10-22 12:00:00	2.6684616	2.6684616	5.953896	0.39254367	6.803775	239.95633	2606.294	8.003792
2014-10-23 12:00:00	2.692371	2.692371	5.9577484	0.39280534	7.291125	240.84998	2606.4187	8.005652
2014-10-24 12:00:00	2.6506681	2.6506681	5.972422	0.39369094	7.3316364	241.56741	2606.448	8.006622
2014-10-25 12:00:00	2.59613	2.59613	5.990681	0.39473853	7.2631245	242.17346	2606.3838	8.00716
2014-10-26 12:00:00	2.5882752	2.5882752	6.002991	0.39536893	7.1919904	242.81964	2606.4885	8.008022
2014-10-27 12:00:00	2.6043103	2.6043103	6.0112634	0.395726	7.124712	243.4802	2606.576	8.008916
2014-10-28 12:00:00	2.633234	2.633234	6.0166893	0.39589474	7.060301	244.10147	2606.5789	8.009661
2014-10-29 12:00:00	2.6769996	2.6769996	6.0183754	0.3958277	6.99858	244.67184	2606.5322	8.010253
2014-10-30 12:00:00	2.644087	2.644087	6.030838	0.3964469	6.9185557	245.02682	2606.5076	8.010515
2014-10-31 12:00:00	2.5995543	2.5995543	6.045251	0.39718068	6.815478	245.37291	2606.4705	8.010776
2014-11-01 12:00:00	2.6190782	2.6190782	6.048687	0.39722	6.6763806	245.77414	2606.3867	8.011003
2014-11-02 12:00:00	2.6436594	2.6436594	6.0499473	0.3971351	6.541339	246.22284	2606.25	8.011663
2014-11-03 12:00:00	2.6339097	2.6339097	6.055146	0.39731324	6.5340576	246.6037	2605.5645	8.012916
2014-11-04 12:00:00	2.6366963	2.6366963	6.059984	0.39747894	6.652369	247.0433	2605.2917	8.014648
2014-11-05 12:00:00	2.6561978	2.6561978	6.062449	0.3974942	6.687945	247.52922	2605.1423	8.016334
2014-11-06 12:00:00	2.6882112	2.6882112	6.0632753	0.3974007	6.667958	248.06085	2605.2651	8.017807
2014-11-07 12:00:00	2.6274195	2.6274195	6.078032	0.3981846	6.6290355	248.42984	2605.2861	8.018702
2014-11-08 12:00:00	2.5738554	2.5738554	6.091529	0.39886364	6.582325	248.75212	2604.5146	8.020178
2014-11-09 12:00:00	2.5505643	2.5505643	6.1014576	0.39931536	6.5442724	249.1815	2604.3262	8.021698
2014-11-10 12:00:00	2.5398853	2.5398853	6.10988	0.39966702	6.5082345	249.63548	2604.3389	8.022711
2014-11-11 12:00:00	2.533199	2.533199	6.1166134	0.3999144	6.471069	250.08063	2604.2346	8.023765
2014-11-12 12:00:00	2.4560142	2.4560142	6.1323743	0.4007272	6.4104023	250.35844	2603.401	8.024939
2014-11-13 12:00:00	2.4051428	2.4051428	6.14528	0.40135127	6.313506	250.71584	2603.0007	8.026023
2014-11-14 12:00:00	2.3619943	2.3619943	6.1557155	0.40182328	6.1502585	251.11382	2602.7776	8.027016
2014-11-15 12:00:00	2.320896	2.320896	6.163953	0.40216008	5.9413176	251.50069	2602.3745	8.027961
2014-11-16 12:00:00	2.2827172	2.2827172	6.1707215	0.40242177	5.7179227	251.90625	2602.2236	8.028855
2014-11-17 12:00:00	2.2411017	2.2411017	6.177829	0.40272456	5.496501	252.26962	2602.0144	8.029549
2014-11-18 12:00:00	2.1745036	2.1745036	6.190246	0.4033867	5.3112655	252.59937	2601.9785	8.030381
2014-11-19 12:00:00	2.1176243	2.1176243	6.203772	0.4041363	5.1804705	252.9607	2602.072	8.031531
2014-11-20 12:00:00	2.0719852	2.0719852	6.217384	0.40491217	5.339762	253.31766	2602.1528	8.032498
2014-11-21 12:00:00	2.0424504	2.0424504	6.230028	0.40564317	5.8888197	253.66046	2602.1934	8.032962
2014-11-22 12:00:00	2.017702	2.017702	6.243012	0.40638867	6.207022	253.99869	2602.175	8.033805
2014-11-23 12:00:00	1.9991385	1.9991385	6.2556334	0.4070705	6.21285	254.27864	2601.852	8.034316
2014-11-24 12:00:00	2.0075865	2.0075865	6.265176	0.40752944	6.169088	254.60863	2601.7917	8.035125
2014-11-25 12:00:00	2.0373225	2.0373225	6.2718344	0.40778893	6.123181	255.03404	2601.9521	8.036575
2014-11-26 12:00:00	2.0337985	2.0337985	6.283213	0.40834042	6.0757375	255.43504	2602.1855	8.038194
2014-11-27 12:00:00	1.9951819	1.9951819	6.30009	0.40922812	6.024624	255.78288	2602.398	8.039258
2014-11-28 12:00:00	1.9878032	1.9878032	6.311749	0.40978017	5.972888	256.15942	2602.5415	8.040067
2014-11-29 12:00:00	1.9944147	1.9944147	6.3204045	0.41014314	5.916895	256.5494	2602.633	8.040965
2014-11-30 12:00:00	2.008661	2.008661	6.326952	0.4103753	5.8455744	256.92056	2602.7095	8.041618
2014-12-01 12:00:00	2.0195065	2.0195065	6.3330946	0.41058728	5.7664394	257.25516	2602.7756	8.0422735
2014-12-02 12:00:00	2.0032809	2.0032809	6.3434396	0.4110688	5.7203217	257.578	2602.9219	8.043287
2014-12-03 12:00:00	1.9934102	1.9934102	6.353329	0.4115246	5.735003	257.9197	2603.122	8.044491
2014-12-04 12:00:00	2.0166283	2.0166283	6.358431	0.41168308	5.757618	258.3648	2603.466	8.046814
2014-12-05 12:00:00	2.020879	2.020879	6.3659573	0.41199702	5.743782	258.7983	2603.7432	8.048739
2014-12-06 12:00:00	2.0114548	2.0114548	6.3756227	0.41244188	5.717	259.21384	2603.9739	8.050271
2014-12-07 12:00:00	2.0292482	2.0292482	6.380654	0.4125936	5.688823	259.67773	2604.1682	8.051825
2014-12-08 12:00:00	2.0226595	2.0226595	6.3888764	0.41294745	5.6589365	260.08554	2604.2952	8.052828
2014-12-09 12:00:00	2.026947	2.026947	6.395434	0.41319448	5.6300507	260.54163	2604.5298	8.0544615
2014-12-10 12:00:00	2.0104983	2.0104983	6.404478	0.413601	5.5997114	260.9796	2604.769	8.055829
2014-12-11 12:00:00	1.978505	1.978505	6.415527	0.41412917	5.5623045	261.37946	2604.9126	8.056871
2014-12-12 12:00:00	1.9637144	1.9637144	6.423653	0.41447425	5.5151706	261.84842	2605.2554	8.058505
2014-12-13 12:00:00	1.9328082	1.9328082	6.4323335	0.41485244	5.4261537	262.2591	2605.1543	8.059794
2014-12-14 12:00:00	1.9171036	1.9171036	6.437784	0.4150283	5.274982	262.74112	2605.3137	8.061065
2014-12-15 12:00:00	1.8810546	1.8810546	6.444834	0.41531137	5.103299	263.20297	2605.5015	8.062314
2014-12-16 12:00:00	1.7951245	1.7951245	6.4594226	0.4160725	4.9268737	263.57443	2605.669	8.063124
2014-12-17 12:00:00	1.7324307	1.7324307	6.470979	0.41664642	4.7576904	263.95544	2605.7712	8.063881
2014-12-18 12:00:00	1.6779909	1.6779909	6.481876	0.4171893	4.6153283	264.29868	2605.7534	8.064302
2014-12-19 12:00:00	1.6167225	1.6167225	6.496133	0.41795352	4.556249	264.6082	2605.901	8.0644455
2014-12-20 12:00:00	1.5914059	1.5914059	6.506049	0.41845983	4.9291406	264.9349	2605.928	8.064939
2014-12-21 12:00:00	1.5958785	1.5958785	6.512759	0.4187823	5.368954	265.33673	2606.1838	8.066019
2014-12-22 12:00:00	1.5938922	1.5938922	6.520924	0.4191898	5.476465	265.71237	2606.4062	8.06673
2014-12-23 12:00:00	1.5842421	1.5842421	6.530535	0.41966847	5.458883	266.04065	2606.5522	8.066906
2014-12-24 12:00:00	1.5889093	1.5889093	6.538324	0.4200175	5.428638	266.3741	2606.7373	8.067113
2014-12-25 12:00:00	1.5991024	1.5991024	6.545108	0.42029414	5.3959618	266.69827	2606.8528	8.067522
2014-12-26 12:00:00	1.620103	1.620103	6.550401	0.4204716	5.364109	267.06464	2607.066	8.068485
2014-12-27 12:00:00	1.6051841	1.6051841	6.5599685	0.42091462	5.3288016	267.3443	2606.9219	8.069351
2014-12-28 12:00:00	1.5895694	1.5895694	6.56986	0.42137077	5.2926607	267.65387	2606.967	8.070479
2014-12-29 12:00:00	1.6185877	1.6185877	6.5728116	0.42139176	5.2545595	268.10007	2607.2632	8.0722
2014-12-30 12:00:00	1.6528164	1.6528164	6.5736485	0.42128292	5.204625	268.55383	2607.3967	8.073371
2014-12-31 12:00:00	1.6838009	1.6838009	6.5740085	0.42114776	5.147396	268.98782	2607.4878	8.074183
2015-01-01 12:00:00	1.6958089	1.6958089	6.5769916	0.4211819	5.1113634	269.393	2607.6948	8.074808
2015-01-02 12:00:00	1.6815271	1.6815271	6.5838337	0.42146	5.121523	269.7108	2607.7983	8.074751
2015-01-03 12:00:00	1.6839733	1.6839733	6.587992	0.42156914	5.1529746	270.00165	2607.6995	8.074676
2015-01-04 12:00:00	1.6809628	1.6809628	6.5929785	0.4217322	5.1598845	270.26355	2607.4902	8.074974
2015-01-05 12:00:00	1.6618985	1.6618985	6.6015925	0.4221203	5.149866	270.51123	2607.5264	8.075156
2015-01-06 12:00:00	1.6597877	1.6597877	6.6078844	0.4223599	5.132802	270.7765	2607.605	8.075368
2015-01-07 12:00:00	1.686031	1.686031	6.6094637	0.42230257	5.113923	271.07227	2607.6843	8.075659
2015-01-08 12:00:00	1.692267	1.692267	6.613841	0.4224247	5.0941987	271.3545	2607.8533	8.076322
2015-01-09 12:00:00	1.6896535	1.6896535	6.6171956	0.4224773	5.0639777	271.5359	2607.2368	8.076791
2015-01-10 12:00:00	1.7073611	1.7073611	6.618008	0.4223731	5.034537	271.78027	2607.1023	8.076909
2015-01-11 12:00:00	1.7003903	1.7003903	6.6229687	0.4225306	4.997481	271.99133	2607.2864	8.076718
2015-01-12 12:00:00	1.7128996	1.7128996	6.6248064	0.42249233	4.930026	272.28708	2607.6416	8.077862
2015-01-13 12:00:00	1.690758	1.690758	6.630465	0.42269617	4.8249063	272.51965	2607.8645	8.078391
2015-01-14 12:00:00	1.6648291	1.6648291	6.634188	0.42277375	4.6743264	272.6997	2607.4788	8.079096
2015-01-15 12:00:00	1.67349	1.67349	6.633224	0.42256337	4.5364156	273.02274	2607.6748	8.080698
2015-01-16 12:00:00	1.682782	1.682782	6.630665	0.42225903	4.411614	273.30176	2607.4614	8.081774
2015-01-17 12:00:00	1.7162861	1.7162861	6.6260576	0.42183784	4.3095355	273.69656	2607.7668	8.083067
2015-01-18 12:00:00	1.7524234	1.7524234	6.6214423	0.42142984	4.40605	274.0804	2607.9277	8.084351
2015-01-19 12:00:00	1.8022294	1.8022294	6.615352	0.42094737	4.835053	274.46173	2608.0537	8.085451
2015-01-20 12:00:00	1.87414	1.87414	6.606075	0.42027628	5.067511	274.87457	2608.1948	8.086899
2015-01-21 12:00:00	1.8975513	1.8975513	6.603927	0.42004797	5.0907283	275.17407	2608.153	8.087973
2015-01-22 12:00:00	1.9208026	1.9208026	6.602156	0.41982907	5.0883365	275.48032	2608.114	8.088932
2015-01-23 12:00:00	1.9573542	1.9573542	6.598499	0.4194861	5.0858545	275.8155	2608.2043	8.089828
2015-01-24 12:00:00	1.9868569	1.9868569	6.595739	0.41919327	5.0834	276.12482	2608.278	8.090411
2015-01-25 12:00:00	2.0467513	2.0467513	6.5874352	0.41854995	5.0824413	276.46014	2608.3533	8.09091
2015-01-26 12:00:00	2.0980437	2.0980437	6.5797834	0.41794932	5.083115	276.78568	2608.447	8.091415
2015-01-27 12:00:00	2.137514	2.137514	6.5728693	0.41739482	5.0803432	277.0642	2608.5293	8.09142
2015-01-28 12:00:00	2.1869361	2.1869361	6.563157	0.41666555	5.0623355	277.3634	2608.6138	8.091712
2015-01-29 12:00:00	2.2179441	2.2179441	6.5545635	0.41600883	5.0156636	277.62833	2608.733	8.091912
2015-01-30 12:00:00	2.2302825	2.2302825	6.5480003	0.41548082	4.954067	277.90405	2609.012	8.092845
2015-01-31 12:00:00	2.2741077	2.2741077	6.5361004	0.41461933	4.9381776	278.25385	2609.2769	8.094111
2015-02-01 12:00:00	2.3444648	2.3444648	6.519554	0.41347587	5.016418	278.66318	2609.4639	8.09537
2015-02-02 12:00:00	2.4323595	2.4323595	6.5003166	0.41217586	5.181347	279.13568	2609.8208	8.096914
2015-02-03 12:00:00	2.510682	2.510682	6.481643	0.4109221	5.2760377	279.5939	2609.904	8.098091
2015-02-04 12:00:00	2.5875401	2.5875401	6.462676	0.4096527	5.335094	280.04642	2609.9775	8.0992565
2015-02-05 12:00:00	2.6923497	2.6923497	6.4380894	0.40803576	5.3851037	280.5677	2610.1506	8.10079
2015-02-06 12:00:00	2.7951467	2.7951467	6.4121118	0.40633947	5.4356675	281.09283	2610.2537	8.102137
2015-02-07 12:00:00	2.8713129	2.8713129	6.3887506	0.40481618	5.4923644	281.60312	2610.5488	8.103577
2015-02-08 12:00:00	2.9446278	2.9446278	6.364326	0.4032323	5.55287	282.15002	2610.8945	8.105127
2015-02-09 12:00:00	3.0502372	3.0502372	6.3322396	0.40117425	5.61348	282.7192	2610.91	8.106046
2015-02-10 12:00:00	3.1725593	3.1725593	6.294311	0.39876187	5.670537	283.263	2610.7227	8.106782
2015-02-11 12:00:00	3.210642	3.210642	6.2666316	0.39701012	5.703563	283.67862	2610.635	8.107456
2015-02-12 12:00:00	3.1654944	3.1654944	6.250071	0.39595908	5.6818013	284.01193	2610.6882	8.107894
2015-02-13 12:00:00	3.1258087	3.1258087	6.2303967	0.394706	5.607832	284.33984	2610.6555	8.108312
2015-02-14 12:00:00	3.085834	3.085834	6.208891	0.3933323	5.5280676	284.6303	2610.413	8.108645
2015-02-15 12:00:00	3.0907893	3.0907893	6.181393	0.39157817	5.4669952	284.96512	2610.1785	8.109102
2015-02-16 12:00:00	3.1181858	3.1181858	6.153496	0.38980487	5.5654225	285.29065	2610.059	8.109644
2015-02-17 12:00:00	3.1510494	3.1510494	6.126732	0.38811857	6.2329497	285.54877	2609.8323	8.110009
2015-02-18 12:00:00	3.2541726	3.2541726	6.0900807	0.38582572	6.7412376	285.92773	2609.7358	8.11079
2015-02-19 12:00:00	3.3535569	3.3535569	6.0529165	0.3835086	6.901003	286.2681	2609.5845	8.111342
2015-02-20 12:00:00	3.293959	3.293959	6.0399776	0.38271984	7.0190306	286.35867	2609.4395	8.11149
2015-02-21 12:00:00	3.2543633	3.2543633	6.0258007	0.38182324	7.1305447	286.45358	2608.9944	8.111784
2015-02-22 12:00:00	3.3512628	3.3512628	5.9905276	0.37958342	7.2482157	286.78528	2608.9604	8.112613
2015-02-23 12:00:00	3.3074834	3.3074834	5.975456	0.3786278	7.367671	286.9208	2608.8738	8.11328
2015-02-24 12:00:00	3.2497122	3.2497122	5.9644513	0.37790248	7.482703	287.02118	2608.83	8.113482
2015-02-25 12:00:00	3.3515072	3.3515072	5.927591	0.37553403	7.596728	287.40048	2609.1414	8.113864
2015-02-26 12:00:00	3.3747513	3.3747513	5.8994627	0.37372783	7.668978	287.62927	2609.071	8.11374
2015-02-27 12:00:00	3.3081586	3.3081586	5.8835154	0.3726848	7.6342077	287.6819	2608.9805	8.113385
2015-02-28 12:00:00	3.312675	3.312675	5.855078	0.37083519	7.5338087	287.90567	2608.9578	8.113937
2015-03-01 12:00:00	3.2952156	3.2952156	5.8286185	0.36911413	7.426216	288.04877	2608.8464	8.113895
2015-03-02 12:00:00	3.2829037	3.2829037	5.804677	0.36754665	7.3858085	288.15134	2608.779	8.11362
2015-03-03 12:00:00	3.3734057	3.3734057	5.766873	0.36511353	7.7936554	288.41983	2608.8728	8.114046
2015-03-04 12:00:00	3.497885	3.497885	5.722871	0.36232412	8.436041	288.73453	2608.881	8.114644
2015-03-05 12:00:00	3.6378818	3.6378818	5.674705	0.3593006	8.808341	289.07874	2608.883	8.115335
2015-03-06 12:00:00	3.7690463	3.7690463	5.6249466	0.35619947	9.005887	289.3802	2608.6816	8.115827
2015-03-07 12:00:00	3.8763235	3.8763235	5.576285	0.35318625	9.178251	289.6078	2608.459	8.115958
2015-03-08 12:00:00	3.9954867	3.9954867	5.5224824	0.34986725	9.356323	289.82834	2608.26	8.11579
2015-03-09 12:00:00	4.0011473	4.0011473	5.483671	0.3475233	9.544828	289.87955	2608.1155	8.115677
2015-03-10 12:00:00	3.8897588	3.8897588	5.464022	0.34639123	9.738256	289.78412	2608.005	8.115666
2015-03-11 12:00:00	3.8563902	3.8563902	5.434658	0.34460294	9.922757	289.7807	2607.8198	8.115585
2015-03-12 12:00:00	3.8611765	3.8611765	5.3982196	0.3423506	10.080204	289.78436	2607.682	8.115559
2015-03-13 12:00:00	3.7939456	3.7939456	5.3733444	0.34080958	10.151299	289.69083	2607.5017	8.115334
2015-03-14 12:00:00	3.779713	3.779713	5.33878	0.33862403	10.086574	289.67944	2607.2495	8.115606
2015-03-15 12:00:00	3.7499201	3.7499201	5.3051972	0.33648577	9.981943	289.75552	2607.2964	8.116145
2015-03-16 12:00:00	3.7170475	3.7170475	5.2731147	0.33443207	9.8762455	289.8173	2607.304	8.116646
2015-03-17 12:00:00	3.7305813	3.7305813	5.2377825	0.33216658	10.05357	289.90448	2607.243	8.117013
2015-03-18 12:00:00	3.8281322	3.8281322	5.1920495	0.32925987	10.997344	290.0321	2606.9692	8.117259
2015-03-19 12:00:00	3.965896	3.965896	5.1392365	0.3259431	11.660049	290.17175	2606.6934	8.117503
2015-03-20 12:00:00	4.0746355	4.0746355	5.088936	0.32281268	11.895038	290.30176	2606.4866	8.117934
2015-03-21 12:00:00	4.178096	4.178096	5.037288	0.31961316	12.092561	290.43137	2606.219	8.118313
2015-03-22 12:00:00	4.2956114	4.2956114	4.980211	0.31608894	12.297598	290.57086	2605.9316	8.118604
2015-03-23 12:00:00	4.3904586	4.3904586	4.9232063	0.3125961	12.516973	290.69885	2605.6694	8.119072
2015-03-24 12:00:00	4.404393	4.404393	4.8757215	0.30973774	12.751185	290.7214	2605.4001	8.1195
2015-03-25 12:00:00	4.38587	4.38587	4.8332973	0.30719513	12.992187	290.71207	2605.2493	8.119933
2015-03-26 12:00:00	4.438425	4.438425	4.7777042	0.30379856	13.221306	290.80777	2605.0464	8.120505
2015-03-27 12:00:00	4.458039	4.458039	4.723074	0.3004608	13.356052	290.80722	2604.5322	8.120567
2015-03-28 12:00:00	4.2899275	4.2899275	4.6946607	0.29879823	13.292852	290.64468	2604.4722	8.1206
2015-03-29 12:00:00	3.975912	3.975912	4.694172	0.29884645	13.073916	290.25903	2604.5957	8.11996
2015-03-30 12:00:00	3.7179928	3.7179928	4.6944165	0.2988298	12.862943	289.86954	2604.849	8.118791
2015-03-31 12:00:00	3.5482407	3.5482407	4.692253	0.29855964	12.710459	289.55847	2605.0461	8.118172
2015-04-01 12:00:00	3.5484743	3.5484743	4.6719995	0.29707736	13.012893	289.41507	2605.3398	8.117131
2015-04-02 12:00:00	3.6443522	3.6443522	4.6383934	0.29476964	13.94705	289.40994	2605.5361	8.116944
2015-04-03 12:00:00	3.635798	3.635798	4.621388	0.29358357	14.860983	289.2227	2605.6345	8.116397
2015-04-04 12:00:00	3.5667272	3.5667272	4.6161246	0.29316083	15.266699	288.91537	2605.6113	8.115957
2015-04-05 12:00:00	3.5785854	3.5785854	4.6013017	0.29209894	15.439027	288.76282	2605.7273	8.115768
2015-04-06 12:00:00	3.699651	3.699651	4.5683026	0.2898698	15.555739	288.73032	2605.5232	8.115663
2015-04-07 12:00:00	3.914931	3.914931	4.51698	0.2864917	15.666628	288.83328	2605.1438	8.115708
2015-04-08 12:00:00	4.1957517	4.1957517	4.448359	0.28206754	15.783864	288.95422	2604.672	8.115668
2015-04-09 12:00:00	4.5387626	4.5387626	4.360363	0.27649134	15.916223	289.13318	2604.1067	8.115944
2015-04-10 12:00:00	4.993659	4.993659	4.2412386	0.26903638	16.063751	289.41565	2603.319	8.116456
2015-04-11 12:00:00	5.5807705	5.5807705	4.0847673	0.25933003	16.19659	289.75934	2602.232	8.117385
2015-04-12 12:00:00	6.1973224	6.1973224	3.9067855	0.24838926	16.206192	290.0418	2601.0452	8.118643
2015-04-13 12:00:00	6.8468776	6.8468776	3.7033432	0.23592854	16.053946	290.50775	2599.738	8.120469
2015-04-14 12:00:00	7.420317	7.420317	3.4935553	0.2231383	15.9430275	291.03433	2598.2415	8.122106
2015-04-15 12:00:00	8.183932	8.183932	3.2565186	0.20828086	16.588655	291.88757	2596.3875	8.124132
2015-04-16 12:00:00	8.2978525	8.2978525	3.1243618	0.200275	18.462835	292.1235	2595.4124	8.124703
2015-04-17 12:00:00	7.8223486	7.8223486	3.089239	0.19864732	19.743427	291.4447	2595.3337	8.123907
2015-04-18 12:00:00	7.239975	7.239975	3.0783925	0.19842398	20.429577	290.20395	2595.4917	8.122844
2015-04-19 12:00:00	6.999153	6.999153	3.0099607	0.19447163	21.015928	289.53238	2595.5208	8.122734
2015-04-20 12:00:00	7.1071057	7.1071057	2.868467	0.1860419	21.622816	289.62445	2594.9558	8.123556
2015-04-21 12:00:00	7.036749	7.036749	2.7426836	0.17889105	22.301016	289.59317	2594.2214	8.124035
2015-04-22 12:00:00	6.8426666	6.8426666	2.6345444	0.17291352	23.025084	289.40527	2593.6548	8.12407
2015-04-23 12:00:00	6.5032406	6.5032406	2.5545335	0.1686779	23.746986	288.99057	2593.4854	8.123645
2015-04-24 12:00:00	6.002345	6.002345	2.5120327	0.16670793	24.399166	288.39993	2593.5981	8.122871
2015-04-25 12:00:00	5.57589	5.57589	2.48208	0.16517596	24.759607	287.73047	2593.5022	8.1224375
2015-04-26 12:00:00	5.3083663	5.3083663	2.4488213	0.16300467	24.5544	287.1234	2593.2214	8.122178
2015-04-27 12:00:00	5.4156966	5.4156966	2.3724222	0.15755717	23.895758	286.8772	2592.5554	8.122733
2015-04-28 12:00:00	5.8278227	5.8278227	2.258215	0.14925633	23.034555	286.80356	2591.7236	8.124057
2015-04-29 12:00:00	6.2852297	6.2852297	2.1304674	0.14021441	22.224287	286.70963	2590.9114	8.125546
2015-04-30 12:00:00	6.606876	6.606876	2.0095417	0.13205881	21.735899	286.4344	2590.1584	8.126569
2015-05-01 12:00:00	6.658319	6.658319	1.9189793	0.12617303	22.311695	285.95496	2589.6863	8.126998
2015-05-02 12:00:00	6.180832	6.180832	1.9009131	0.12564294	25.246971	284.94693	2589.8513	8.126588
2015-05-03 12:00:00	5.7679243	5.7679243	1.880354	0.1249976	28.091572	284.01114	2589.9937	8.126333
2015-05-04 12:00:00	5.588728	5.588728	1.8359622	0.12253798	29.28081	283.38626	2589.5735	8.125884
2015-05-05 12:00:00	5.5214844	5.5214844	1.7818637	0.11930761	29.797297	282.91724	2589.2036	8.125573
2015-05-06 12:00:00	5.3723607	5.3723607	1.7431085	0.11731482	30.179993	282.31815	2588.7776	8.12496
2015-05-07 12:00:00	5.1488633	5.1488633	1.722542	0.116572894	30.505873	281.84708	2589.1377	8.123677
2015-05-08 12:00:00	4.8726983	4.8726983	1.7235593	0.11710852	30.761824	281.29468	2589.475	8.122364
2015-05-09 12:00:00	4.6312118	4.6312118	1.7337626	0.117983244	30.922377	280.61435	2589.7048	8.121196
2015-05-10 12:00:00	4.4765897	4.4765897	1.7432346	0.118551016	30.944197	279.9972	2589.927	8.119802
2015-05-11 12:00:00	4.5477	4.5477	1.7244846	0.116976626	30.753418	279.5474	2589.829	8.118672
2015-05-12 12:00:00	4.7980223	4.7980223	1.6743209	0.113188215	30.295425	279.1808	2589.4573	8.118036
2015-05-13 12:00:00	4.975377	4.975377	1.6255547	0.10954997	29.83154	278.61655	2589.1587	8.11747
2015-05-14 12:00:00	4.7091684	4.7091684	1.6345927	0.11019609	30.130869	277.55756	2589.4067	8.116316
2015-05-15 12:00:00	4.2585235	4.2585235	1.6765603	0.11313878	31.290085	276.35287	2589.5168	8.114891
2015-05-16 12:00:00	3.8965344	3.8965344	1.7227526	0.11608936	31.99481	275.3277	2589.8843	8.113517
2015-05-17 12:00:00	3.63653	3.63653	1.7726882	0.11909233	32.15208	274.36105	2590.444	8.111927
2015-05-18 12:00:00	3.5193338	3.5193338	1.8141104	0.12135752	32.142452	273.54163	2590.938	8.110842
2015-05-19 12:00:00	3.5217066	3.5217066	1.8437836	0.12288203	32.052776	272.8821	2591.2888	8.109886
2015-05-20 12:00:00	3.7942114	3.7942114	1.8344185	0.12179083	31.89528	272.72543	2591.5352	8.109493
2015-05-21 12:00:00	4.1549325	4.1549325	1.8011013	0.11922286	31.734585	272.75308	2591.5103	8.109329
2015-05-22 12:00:00	4.585538	4.585538	1.7428374	0.11505998	31.59184	272.7769	2591.1836	8.109293
2015-05-23 12:00:00	4.6742945	4.6742945	1.7164418	0.11333202	31.438887	272.26794	2591.0461	8.108873
2015-05-24 12:00:00	4.320271	4.320271	1.7491937	0.115794614	31.075977	271.32037	2591.408	8.107545
2015-05-25 12:00:00	3.8583806	3.8583806	1.8062649	0.119772494	30.10825	270.33612	2591.9714	8.106308
2015-05-26 12:00:00	3.4798548	3.4798548	1.8673229	0.123699546	28.623964	269.3908	2592.598	8.104904
2015-05-27 12:00:00	3.2437565	3.2437565	1.9202573	0.12684669	26.88672	268.55072	2593.1194	8.103354
2015-05-28 12:00:00	3.0958884	3.0958884	1.9669521	0.12954205	25.131384	267.78622	2593.5967	8.101811
2015-05-29 12:00:00	2.9646604	2.9646604	2.0143375	0.13236497	23.611433	266.9511	2594.1824	8.100298
2015-05-30 12:00:00	2.8135607	2.8135607	2.0679352	0.13570222	22.577007	266.04413	2594.8506	8.099279
2015-05-31 12:00:00	2.7612834	2.7612834	2.1117034	0.13842033	23.038546	265.2001	2595.3662	8.098259
